533779200	-90.00	-999	140
604713600	-90.00	-999	319
533779200	-80.00	-999	160
533779200	-78.00	-999	180
533779200	-77.83	-999	160
604713600	-77.83	-999	380
628473600	-47.00	170.1	253
817776000	-46.63	170.1	317
486432000	-46.60	170.1	330
486432000	-46.60	170.1	310
486432000	-46.60	170.1	230
502243200	-46.60	170.1	250
517968000	-46.60	170.1	200
533779200	-46.60	170.1	380
557452800	-46.60	170.1	446
604713600	-46.60	170.1	322
620611200	-46.60	170.1	353
628473600	-46.60	170.1	200
636249600	-46.60	170.1	136
636249600	-46.60	170.1	139
652147200	-46.60	170.1	353
670464000	-46.60	170.1	212
670464000	-46.60	170.1	200
681004800	-46.60	170.1	397
691545600	-46.60	170.1	239
723168000	-46.60	170.1	275
738892800	-46.60	170.1	299
809913600	-46.60	170.1	414
809913600	-46.60	170.1	419
833587200	-46.60	170.1	275
833587200	-46.60	170.1	286
841536000	-46.60	170.1	398
849398400	-46.60	170.1	246
644198400	-46.50	170.1	305
494380800	-46.40	170.1	370
702086400	-46.40	170.1	166
702086400	-46.40	170.1	171
849398400	-46.40	170.1	248
762480000	-46.25	170.1	268
660009600	-46.21	170.1	379
652147200	-46.17	170.1	359
770428800	-46.07	170.1	312
712627200	-46.00	170.1	362
712627200	-46.00	170.1	350
786240000	-46.00	170.1	291
786240000	-46.00	170.1	295
620611200	-45.87	170.1	429
738892800	-45.87	170.1	339
841536000	-45.42	170.1	454
596937600	-45.37	170.1	466
470707200	-45.17	170.1	230
644198400	-45.10	170.1	293
778377600	-45.00	170.1	395
778377600	-45.00	170.1	406
786240000	-45.00	170.1	250
794016000	-45.00	170.1	179
628473600	-44.63	170.1	219
470707200	-44.40	170.1	380
636249600	-44.40	170.1	168
794016000	-44.40	170.1	163
596937600	-43.92	170.1	445
723168000	-43.92	170.1	231
738892800	-43.88	170.1	329
754704000	-43.88	170.1	230
809913600	-43.88	170.1	467
825638400	-43.88	170.1	170
833587200	-43.88	170.1	298
833587200	-43.88	170.1	326
841536000	-43.88	170.1	350
849398400	-43.88	170.1	234
849398400	-43.88	170.1	216
620611200	-43.80	170.1	286
660009600	-43.60	170.1	393
762480000	-43.58	170.1	219
825638400	-43.58	170.1	164
462844800	-43.53	170.1	280
478483200	-43.53	170.1	150
478483200	-43.53	170.1	40
494380800	-43.53	170.1	420
502243200	-43.53	170.1	280
533779200	-43.53	170.1	240
557452800	-43.53	170.1	410
730944000	-43.33	170.1	260
809913600	-43.33	170.1	422
794016000	-43.28	170.1	191
691545600	-43.23	170.1	239
691545600	-43.23	170.1	225
809913600	-43.20	170.1	448
770428800	-43.00	170.1	358
809913600	-42.90	170.1	450
849398400	-42.72	170.1	218
502243200	-42.72	170.1	250
573177600	-42.72	170.1	251
723168000	-42.72	170.1	198
730944000	-42.72	170.1	206
754704000	-42.72	170.1	227
817776000	-42.72	170.1	261
817776000	-42.72	170.1	337
660009600	-42.50	170.1	267
712627200	-42.50	170.1	411
754704000	-42.42	170.1	325
702086400	-42.40	170.1	163
841536000	-42.17	170.1	345
817776000	-42.12	170.1	327
636249600	-42.00	170.1	134
681004800	-42.00	170.1	380
681004800	-42.00	170.1	376
712627200	-42.00	170.1	368
778377600	-42.00	170.1	406
778377600	-42.00	170.1	398
786240000	-42.00	170.1	269
786240000	-42.00	170.1	298
573177600	-41.90	170.1	197
691545600	-41.90	170.1	238
691545600	-41.90	170.1	242
462844800	-41.75	170.1	420
628473600	-41.45	170.1	200
573177600	-41.25	170.1	73
644198400	-41.20	170.1	307
702086400	-41.14	170.1	162
702086400	-41.00	170.1	216
762480000	-40.55	170.1	198
660009600	-40.50	144.68	356
738892800	-40.50	175.71	300
849398400	-40.47	175.71	232
712627200	-40.30	175.71	372
712627200	-40.00	175.71	343
794016000	-40.00	175.71	186
794016000	-40.00	175.71	175
754704000	-39.77	175.71	303
628473600	-39.48	175.71	235
470707200	-39.27	175.71	370
494380800	-39.27	175.71	350
502243200	-39.27	175.71	240
510019200	-39.27	175.71	270
517968000	-39.27	175.71	250
533779200	-39.27	175.71	210
636249600	-39.27	175.71	136
596937600	-39.17	175.71	459
549504000	-39.07	175.71	440
644198400	-39.00	175.71	229
702086400	-39.00	175.71	177
786240000	-39.00	175.71	246
794016000	-39.00	175.71	178
754704000	-38.68	175.71	229
670464000	-38.65	175.71	237
670464000	-38.65	175.71	244
681004800	-38.65	175.71	379
691545600	-38.65	175.71	270
691545600	-38.65	175.71	261
596937600	-38.50	175.71	441
702086400	-38.40	175.71	174
770428800	-38.40	175.71	302
712627200	-38.00	175.71	359
778377600	-38.00	175.71	420
778377600	-38.00	175.71	411
778377600	-38.00	175.71	429
786240000	-38.00	175.71	261
786240000	-38.00	175.71	299
786240000	-38.00	175.71	272
786240000	-38.00	175.71	332
794016000	-38.00	175.71	158
794016000	-38.00	175.71	187
738892800	-37.97	175.71	259
596937600	-37.80	175.71	403
652147200	-37.80	175.71	314
723168000	-37.80	175.71	202
762480000	-37.80	175.71	206
691545600	-37.70	175.71	266
691545600	-37.70	175.71	284
620611200	-37.68	175.71	361
670464000	-37.03	175.71	290
596937600	-36.92	175.71	360
817776000	-36.83	175.71	271
817776000	-36.83	175.71	437
825638400	-36.82	175.71	167
825638400	-36.82	175.71	158
833587200	-36.82	175.71	269
841536000	-36.82	175.71	375
849398400	-36.82	175.71	294
849398400	-36.82	175.71	335
525916800	-36.80	175.71	450
541555200	-36.80	175.71	317
549504000	-36.80	175.71	351
557452800	-36.80	175.71	467
596937600	-36.80	175.71	400
636249600	-36.80	175.71	136
681004800	-36.80	175.71	370
754704000	-36.80	175.71	244
525916800	-36.67	175.71	370
770428800	-36.67	175.71	332
770428800	-36.67	175.71	366
470707200	-36.57	175.71	280
478483200	-36.57	175.71	80
478483200	-36.57	175.71	50
486432000	-36.57	175.71	230
494380800	-36.57	175.71	280
494380800	-36.57	175.71	340
502243200	-36.57	175.71	310
510019200	-36.57	175.71	350
533779200	-36.57	175.71	240
541555200	-36.57	175.71	314
628473600	-36.57	175.71	316
628473600	-36.57	175.71	281
636249600	-36.57	175.71	316
636249600	-36.57	175.71	172
510019200	-36.40	175.71	440
660009600	-36.40	175.71	464
660009600	-36.40	175.71	229
510019200	-36.20	175.71	450
730944000	-36.00	175.71	212
794016000	-36.00	175.71	183
486432000	-35.98	175.71	270
470707200	-35.92	175.71	220
486432000	-35.92	175.71	320
549504000	-35.92	175.71	402
557452800	-35.92	175.71	412
557452800	-35.92	175.71	414
573177600	-35.92	175.71	211
691545600	-35.92	175.71	259
809913600	-35.80	175.71	365
809913600	-35.80	175.71	366
681004800	-35.75	175.71	369
517968000	-35.60	175.71	200
770428800	-35.40	175.71	285
817776000	-35.28	175.71	360
573177600	-35.27	175.71	211
478483200	-35.13	175.71	50
825638400	-35.03	175.71	178
833587200	-35.03	175.71	243
841536000	-35.03	175.71	407
849398400	-35.03	175.71	238
849398400	-35.03	175.71	242
712627200	-35.00	175.71	340
712627200	-35.00	175.71	425
809913600	-35.00	175.71	376
817776000	-35.00	175.71	317
817776000	-34.98	175.71	260
809913600	-34.80	175.71	377
478483200	-34.75	175.71	225
486432000	-34.75	175.71	270
573177600	-34.75	175.71	174
652147200	-34.75	175.71	318
670464000	-34.75	175.71	240
681004800	-34.75	175.71	412
604713600	-34.43	175.71	339
604713600	-34.43	175.71	276
604713600	-34.43	175.71	347
691545600	-34.43	175.71	303
691545600	-34.43	175.71	222
738892800	-34.43	175.71	289
762480000	-29.05	167.95	176
762480000	-29.05	167.95	249
770428800	-29.05	167.95	359
770428800	-29.05	167.95	333
770428800	-29.05	167.95	330
778377600	-29.05	167.95	425
778377600	-29.05	167.95	515
470707200	-29.03	167.95	330
478483200	-29.03	167.95	110
478483200	-29.03	167.95	50
486432000	-29.03	167.95	330
486432000	-29.03	167.95	300
486432000	-29.03	167.95	270
494380800	-29.03	167.95	300
494380800	-29.03	167.95	340
502243200	-29.03	167.95	290
502243200	-29.03	167.95	150
510019200	-29.03	167.95	260
510019200	-29.03	167.95	260
517968000	-29.03	167.95	280
517968000	-29.03	167.95	270
525916800	-29.03	167.95	480
533779200	-29.03	167.95	360
533779200	-29.03	167.95	360
541555200	-29.03	167.95	247
541555200	-29.03	167.95	258
549504000	-29.03	167.95	408
549504000	-29.03	167.95	395
557452800	-29.03	167.95	401
557452800	-29.03	167.95	468
573177600	-29.03	167.95	223
596937600	-29.03	167.95	289
596937600	-29.03	167.95	395
596937600	-29.03	167.95	440
604713600	-29.03	167.95	317
604713600	-29.03	167.95	374
620611200	-29.03	167.95	284
620611200	-29.03	167.95	342
628473600	-29.03	167.95	391
628473600	-29.03	167.95	218
636249600	-29.03	167.95	297
636249600	-29.03	167.95	165
636249600	-29.03	167.95	130
644198400	-29.03	167.95	296
644198400	-29.03	167.95	259
644198400	-29.03	167.95	249
652147200	-29.03	167.95	321
652147200	-29.03	167.95	312
652147200	-29.03	167.95	345
670464000	-29.03	167.95	251
670464000	-29.03	167.95	323
670464000	-29.03	167.95	292
670464000	-29.03	167.95	241
681004800	-29.03	167.95	361
681004800	-29.03	167.95	453
681004800	-29.03	167.95	390
681004800	-29.03	167.95	469
691545600	-29.03	167.95	223
691545600	-29.03	167.95	209
691545600	-29.03	167.95	236
691545600	-29.03	167.95	270
691545600	-29.03	167.95	241
723168000	-29.03	167.95	236
723168000	-29.03	167.95	263
723168000	-29.03	167.95	194
730944000	-29.03	167.95	233
730944000	-29.03	167.95	226
730944000	-29.03	167.95	182
730944000	-29.03	167.95	177
738892800	-29.03	167.95	305
738892800	-29.03	167.95	357
738892800	-29.03	167.95	291
738892800	-29.03	167.95	350
754704000	-29.03	167.95	238
754704000	-29.03	167.95	249
754704000	-29.03	167.95	225
778377600	-29.03	167.95	467
778377600	-29.03	167.95	473
809913600	-29.03	167.95	402
809913600	-29.03	167.95	386
809913600	-29.03	167.95	388
809913600	-29.03	167.95	395
825638400	-29.03	167.95	161
825638400	-29.03	167.95	163
825638400	-29.03	167.95	154
833587200	-29.03	167.95	264
833587200	-29.03	167.95	264
841536000	-29.03	167.95	352
841536000	-29.03	167.95	392
849398400	-29.03	167.95	209
849398400	-29.03	167.95	195
849398400	-29.03	167.95	243
652147200	-29.03	167.95	349
660009600	-29.00	167.95	413
660009600	-29.00	167.95	177
660009600	-29.00	167.95	342
660009600	-29.00	167.95	310
702086400	-29.00	167.95	143
702086400	-29.00	167.95	170
702086400	-29.00	167.95	192
712627200	-29.00	167.95	347
712627200	-29.00	167.95	349
712627200	-29.00	167.95	333
712627200	-29.00	167.95	329
730944000	-29.00	167.95	209
778377600	-29.00	167.95	467
778377600	-29.00	167.95	463
786240000	-29.00	167.95	289
786240000	-29.00	167.95	287
786240000	-29.00	167.95	259
786240000	-29.00	167.95	278
794016000	-29.00	167.95	180
794016000	-29.00	167.95	181
794016000	-29.00	167.95	186
794016000	-29.00	167.95	182
817776000	-29.00	167.95	260
817776000	-29.00	167.95	267
817776000	-29.00	167.95	518
817776000	-29.00	167.95	269
794016000	-21.30	-159.78	203
794016000	-21.30	-159.78	202
817776000	-21.27	-159.78	268
817776000	-21.27	-159.78	326
462844800	-21.23	-159.78	280
470707200	-21.23	-159.78	250
478483200	-21.23	-159.78	180
486432000	-21.23	-159.78	350
486432000	-21.23	-159.78	230
494380800	-21.23	-159.78	380
494380800	-21.23	-159.78	300
502243200	-21.23	-159.78	380
502243200	-21.23	-159.78	270
510019200	-21.23	-159.78	290
510019200	-21.23	-159.78	230
517968000	-21.23	-159.78	390
525916800	-21.23	-159.78	420
533779200	-21.23	-159.78	370
533779200	-21.23	-159.78	230
549504000	-21.23	-159.78	336
557452800	-21.23	-159.78	430
573177600	-21.23	-159.78	405
573177600	-21.23	-159.78	317
596937600	-21.23	-159.78	400
596937600	-21.23	-159.78	464
604713600	-21.23	-159.78	285
604713600	-21.23	-159.78	456
604713600	-21.23	-159.78	322
620611200	-21.23	-159.78	334
628473600	-21.23	-159.78	270
628473600	-21.23	-159.78	426
636249600	-21.23	-159.78	146
636249600	-21.23	-159.78	282
644198400	-21.23	-159.78	222
644198400	-21.23	-159.78	218
681004800	-21.23	-159.78	377
681004800	-21.23	-159.78	399
681004800	-21.23	-159.78	410
681004800	-21.23	-159.78	383
691545600	-21.23	-159.78	279
691545600	-21.23	-159.78	263
691545600	-21.23	-159.78	205
691545600	-21.23	-159.78	293
691545600	-21.23	-159.78	247
723168000	-21.23	-159.78	196
723168000	-21.23	-159.78	168
723168000	-21.23	-159.78	207
730944000	-21.23	-159.78	287
730944000	-21.23	-159.78	216
730944000	-21.23	-159.78	218
738892800	-21.23	-159.78	338
738892800	-21.23	-159.78	360
738892800	-21.23	-159.78	247
754704000	-21.23	-159.78	221
754704000	-21.23	-159.78	361
754704000	-21.23	-159.78	291
809913600	-21.23	-159.78	416
809913600	-21.23	-159.78	407
809913600	-21.23	-159.78	419
809913600	-21.23	-159.78	419
817776000	-21.23	-159.78	442
817776000	-21.23	-159.78	366
825638400	-21.23	-159.78	212
825638400	-21.23	-159.78	248
833587200	-21.23	-159.78	250
841536000	-21.23	-159.78	340
849398400	-21.23	-159.78	226
849398400	-21.23	-159.78	225
849398400	-21.23	-159.78	215
702086400	-21.23	-159.78	189
702086400	-21.23	-159.78	170
702086400	-21.23	-159.78	160
762480000	-21.20	-159.78	289
762480000	-21.20	-159.78	212
762480000	-21.20	-159.78	201
770428800	-21.20	-159.78	287
770428800	-21.20	-159.78	267
770428800	-21.20	-159.78	262
770428800	-21.20	-159.78	259
778377600	-21.20	-159.78	398
778377600	-21.20	-159.78	364
778377600	-21.20	-159.78	348
660009600	-21.10	-159.78	312
660009600	-21.10	-159.78	459
712627200	-21.00	-159.78	292
712627200	-21.00	-159.78	281
712627200	-21.00	-159.78	290
786240000	-21.00	-159.78	289
462844800	-18.87	-159.75	350
470707200	-18.87	-159.75	240
478483200	-18.87	-159.75	150
494380800	-18.87	-159.75	300
596937600	-17.80	177.44	487
596937600	-17.80	177.44	455
652147200	-17.80	177.44	317
652147200	-17.80	177.44	321
652147200	-17.80	177.44	343
462844800	-17.62	-149.61	270
502243200	-17.62	-149.61	310
510019200	-17.62	-149.61	380
533779200	-17.53	-149.61	270
541555200	-17.53	-149.61	431
660009600	-17.40	-149.61	341
502243200	-16.92	145.78	230
510019200	-16.92	145.78	260
525916800	-16.92	145.78	410
549504000	-16.92	145.78	323
557452800	-16.92	145.78	480
573177600	-16.92	145.78	433
462844800	-16.50	-151.74	220
470707200	-16.50	-151.74	230
478483200	-16.50	-151.74	150
486432000	-16.50	-151.74	280
494380800	-16.50	-151.74	260
494380800	-16.50	-151.74	330
557452800	-16.50	-151.74	253
557452800	-16.50	-151.74	518
573177600	-16.50	-151.74	529
670464000	-16.50	-151.74	359
670464000	-16.50	-151.74	296
670464000	-16.50	-151.74	362
670464000	-16.50	-151.74	297
660009600	-16.30	-151.74	320
786240000	-16.00	-999	382
786240000	-16.00	-999	290
786240000	-16.00	-999	264
786240000	-16.00	-999	323
494380800	-14.27	-170.73	420
502243200	-14.27	-170.73	330
510019200	-14.27	-170.73	240
517968000	-14.27	-170.73	230
525916800	-14.27	-170.73	210
533779200	-14.27	-170.73	310
541555200	-14.27	-170.73	342
541555200	-14.27	-170.73	292
549504000	-14.27	-170.73	398
549504000	-14.27	-999	414
557452800	-14.27	-170.73	401
557452800	-14.27	-170.73	370
573177600	-14.27	-170.73	352
596937600	-14.27	-170.73	507
604713600	-14.27	-170.73	551
604713600	-14.27	-170.73	523
628473600	-14.27	-170.73	277
628473600	-14.27	-170.73	224
628473600	-14.27	-170.73	391
636249600	-14.27	-170.73	256
636249600	-14.27	-170.73	143
636249600	-14.27	-170.73	175
636249600	-14.27	-170.73	166
644198400	-14.27	-170.73	241
644198400	-14.27	-170.73	265
652147200	-14.27	-170.73	386
652147200	-14.27	-170.73	402
670464000	-14.27	-170.73	462
670464000	-14.27	-170.73	359
670464000	-14.27	-170.73	396
681004800	-14.27	-170.73	335
681004800	-14.27	-170.73	348
681004800	-14.27	-170.73	331
691545600	-14.27	-170.73	275
691545600	-14.27	-170.73	367
723168000	-14.27	-170.73	281
723168000	-14.27	-170.73	201
730944000	-14.27	-170.73	302
730944000	-14.27	-170.73	207
730944000	-14.27	-170.73	223
754704000	-14.27	-170.73	171
754704000	-14.27	-170.73	354
754704000	-14.27	-170.73	348
786240000	-14.27	-170.73	283
786240000	-14.27	-170.73	447
770428800	-14.23	-170.73	254
770428800	-14.23	-170.73	283
770428800	-14.23	-170.73	286
778377600	-14.23	-170.73	331
833587200	-14.23	-170.73	223
833587200	-14.23	-170.73	228
841536000	-14.23	-170.73	336
841536000	-14.23	-170.73	454
849398400	-14.23	-170.73	291
849398400	-14.23	-170.73	342
849398400	-14.23	-170.73	198
660009600	-14.20	-170.73	412
660009600	-14.20	-170.73	398
702086400	-14.20	-170.73	206
712627200	-14.20	-170.73	343
712627200	-14.20	-170.73	312
762480000	-14.20	-170.73	293
762480000	-14.20	-170.73	176
794016000	-14.20	-170.73	165
794016000	-14.00	-170.73	165
794016000	-14.00	-170.73	271
494380800	-9.50	147.17	290
502243200	-9.50	147.17	370
517968000	-9.50	147.17	260
525916800	-9.50	147.17	430
557452800	-9.50	147.17	243
604713600	-9.50	147.17	694
470707200	-9.43	159.95	480
470707200	-9.43	159.95	680
494380800	-9.43	159.95	280
494380800	-9.43	159.95	320
502243200	-9.43	159.95	430
510019200	-9.43	159.95	530
525916800	-9.43	159.95	320
533779200	-9.43	159.95	240
541555200	-9.43	159.95	357
549504000	-9.43	159.95	303
573177600	-9.43	159.95	493
596937600	-9.43	159.95	388
596937600	-9.43	159.95	527
494380800	-9.30	159.95	250
510019200	-9.30	147.17	730
660009600	-9.10	147.17	419
596937600	-8.52	179.22	257
825638400	-8.52	179.22	374
825638400	-8.52	179.22	383
825638400	-8.52	179.22	403
825638400	-8.52	179.22	394
825638400	-8.52	179.22	393
833587200	-8.52	179.22	224
833587200	-8.52	179.22	226
841536000	-8.52	179.22	275
841536000	-8.52	179.22	281
849398400	-8.52	179.22	272
849398400	-8.52	179.22	356
849398400	-8.52	179.22	373
517968000	-6.22	155.63	270
525916800	-6.22	155.63	590
541555200	-6.22	155.63	537
549504000	-6.22	155.63	476
557452800	-6.22	155.63	413
573177600	-6.22	155.63	531
604713600	-6.22	155.63	530
604713600	-6.22	155.63	569
478483200	-5.65	53.10	300
517968000	-5.45	150.50	310
478483200	-4.53	55.40	230
525916800	-4.20	152.20	560
533779200	-4.20	152.20	790
549504000	-4.20	152.20	498
557452800	-4.20	152.20	527
573177600	-4.20	152.20	818
604713600	-4.20	152.20	584
604713600	-4.20	152.20	541
620611200	-4.20	152.20	363
628473600	-4.20	152.20	335
636249600	-4.20	152.20	685
644198400	-4.20	152.20	432
644198400	-4.20	152.20	351
660009600	-4.20	152.20	732
510019200	-3.58	143.67	500
494380800	-3.30	143.67	260
681004800	-2.63	176.82	376
691545600	-2.63	176.82	628
794016000	-2.63	176.82	508
794016000	-2.63	176.82	469
817776000	-2.63	176.82	376
841536000	-2.63	176.82	266
502243200	-2.58	150.83	450
510019200	-2.58	150.83	320
517968000	-2.58	150.83	300
541555200	-2.58	150.83	623
620611200	-2.58	150.83	317
628473600	-2.58	150.83	353
628473600	-2.58	150.83	338
628473600	-2.58	150.83	475
636249600	-2.58	150.83	742
636249600	-2.58	150.83	756
652147200	-2.58	150.83	764
670464000	-2.50	175.98	593
681004800	-2.50	175.98	343
754704000	-2.50	175.98	330
778377600	-2.50	175.98	328
794016000	-2.50	175.98	470
809913600	-2.50	175.98	317
841536000	-2.50	175.98	321
817776000	-2.48	175.98	378
702086400	-2.38	175.98	311
770428800	-2.38	175.98	291
660009600	-2.35	175.98	822
660009600	-2.35	175.98	679
644198400	-2.00	146.87	244
644198400	-2.00	146.87	303
762480000	-2.00	-999	433
762480000	-2.00	176.82	406
754704000	-1.87	175.55	397
841536000	-1.87	175.55	291
712627200	-1.40	175.97	288
849398400	-1.38	176.44	442
778377600	-1.35	-999	422
778377600	-1.35	-999	334
778377600	-1.35	-999	412
778377600	-1.35	-999	361
778377600	-1.35	-999	427
778377600	-1.35	-999	400
778377600	-1.35	-999	337
786240000	-1.35	-999	441
786240000	-1.35	-999	407
786240000	-1.35	174.68	723
786240000	-1.35	-999	592
670464000	-1.33	174.68	622
681004800	-1.33	174.68	340
691545600	-1.33	174.68	637
723168000	-1.33	174.68	323
723168000	-1.33	174.68	331
738892800	-1.33	-999	295
738892800	-1.33	-999	251
754704000	-1.33	174.68	517
754704000	-1.33	174.68	412
809913600	-1.33	174.68	312
809913600	-1.33	174.68	310
817776000	-1.33	174.68	389
817776000	-1.33	174.68	415
817776000	-1.33	174.68	426
833587200	-1.33	174.68	331
833587200	-1.33	174.68	323
849398400	-1.33	174.68	430
849398400	-1.33	174.68	432
849398400	-1.33	176	436
712627200	-1.30	176	273
786240000	-1.30	176	735
738892800	-1.22	174.68	295
794016000	-1.21	-999	465
794016000	-1.18	-999	450
770428800	-1.03	-999	303
702086400	-1.00	-999	426
712627200	-1.00	-999	305
712627200	-1.00	-999	299
723168000	-1.00	-999	331
670464000	-0.67	-999	555
681004800	-0.67	174.46	347
691545600	-0.67	174.46	571
723168000	-0.67	174.46	385
730944000	-0.67	174.46	505
738892800	-0.67	174.46	281
738892800	-0.67	174.46	238
462844800	-0.53	166.93	270
470707200	-0.53	166.93	420
470707200	-0.53	166.93	625
478483200	-0.53	166.93	860
478483200	-0.53	166.93	980
494380800	-0.53	166.93	280
502243200	-0.53	166.93	420
510019200	-0.53	166.93	810
525916800	-0.53	166.93	520
533779200	-0.53	166.93	690
541555200	-0.53	166.93	671
557452800	-0.53	166.93	505
573177600	-0.53	166.93	713
573177600	-0.53	166.93	734
754704000	-0.52	-999	376
702086400	-0.40	166.93	398
730944000	-0.40	-999	564
730944000	-0.40	-999	611
770428800	-0.40	-999	308
770428800	0.00	-999	287
762480000	1.30	-999	456
470707200	1.42	173.00	530
494380800	1.42	173.00	190
502243200	1.42	173.00	360
596937600	1.42	173.00	453
604713600	1.42	173.00	616
604713600	1.42	173.00	694
636249600	1.42	173.00	586
636249600	1.42	173.00	782
670464000	1.42	173.00	679
723168000	1.42	173.00	566
730944000	1.42	173.00	596
730944000	1.42	173.00	474
738892800	1.42	173.00	465
754704000	1.42	173.00	527
762480000	1.42	173.00	612
770428800	1.42	173.00	363
770428800	1.42	-999	255
809913600	1.42	173.00	387
809913600	1.42	-999	315
817776000	1.42	-999	376
825638400	1.42	173.00	388
825638400	1.42	173.00	463
833587200	1.42	173.00	266
841536000	1.42	173.00	259
849398400	1.42	173.00	416
762480000	2.00	173.00	539
620611200	4.10	-999	332
702086400	5.10	162.98	612
573177600	5.32	162.98	860
652147200	5.32	162.98	600
652147200	5.32	162.98	621
691545600	5.32	162.98	1022
762480000	5.32	162.98	526
786240000	5.32	162.98	682
794016000	5.32	162.98	470
817776000	5.32	162.98	413
825638400	5.32	162.98	411
841536000	5.32	162.98	262
849398400	5.32	162.98	451
762480000	6.00	-999	754
762480000	6.00	-999	692
778377600	6.00	-999	309
778377600	6.00	-999	452
778377600	6.00	-999	339
778377600	6.52	158.21	398
817776000	6.83	158.21	419
470707200	6.92	158.21	740
478483200	6.92	158.21	730
478483200	6.92	158.21	670
486432000	6.92	158.21	290
517968000	6.92	158.21	480
541555200	6.92	158.21	784
549504000	6.92	158.21	690
596937600	6.92	158.21	682
604713600	6.92	158.21	616
620611200	6.92	158.21	298
628473600	6.92	158.21	898
628473600	6.92	158.21	922
636249600	6.92	158.21	616
636249600	6.92	158.21	784
636249600	6.92	158.21	623
644198400	6.92	158.21	431
644198400	6.92	158.21	309
644198400	6.92	158.21	384
652147200	6.92	158.21	604
691545600	6.92	158.21	921
723168000	6.92	158.21	446
754704000	6.92	158.21	726
778377600	6.92	158.21	436
786240000	6.92	158.21	727
794016000	6.92	158.21	423
825638400	6.92	158.21	390
833587200	6.92	158.21	320
849398400	6.92	158.21	510
660009600	6.92	158.21	861
660009600	6.92	158.21	1168
660009600	6.92	158.21	1100
702086400	6.92	158.21	615
730944000	6.92	158.21	604
770428800	7.00	-999	301
770428800	7.00	-999	327
770428800	7.09	-999	294
825638400	7.09	171.23	469
833587200	7.09	171.23	301
841536000	7.09	171.23	301
849398400	7.09	171.23	811
712627200	7.10	171.23	223
470707200	7.15	171.23	490
478483200	7.15	171.23	880
494380800	7.15	171.23	370
502243200	7.15	171.23	880
517968000	7.15	171.23	430
541555200	7.15	171.23	1108
549504000	7.15	171.23	600
557452800	7.15	171.23	593
596937600	7.15	171.23	700
596937600	7.15	171.23	597
604713600	7.15	171.23	643
628473600	7.15	171.23	888
628473600	7.15	171.23	991
628473600	7.15	171.23	800
628473600	7.15	171.23	942
636249600	7.15	171.23	707
636249600	7.15	171.23	587
644198400	7.15	171.23	292
670464000	7.15	171.23	835
670464000	7.15	171.23	616
681004800	7.15	171.23	343
702086400	7.15	171.23	605
738892800	7.15	171.23	473
786240000	7.15	171.23	667
809913600	7.15	171.23	303
809913600	7.15	171.23	306
809913600	7.15	171.23	267
817776000	7.15	171.23	507
660009600	7.20	151.62	792
712627200	7.20	151.62	310
470707200	7.42	151.62	640
478483200	7.42	151.62	880
486432000	7.42	151.62	280
510019200	7.42	151.62	1090
517968000	7.42	151.62	640
525916800	7.42	151.62	330
541555200	7.42	151.62	937
573177600	7.42	151.62	1102
596937600	7.42	151.62	639
604713600	7.42	151.62	607
628473600	7.42	151.62	909
636249600	7.42	151.62	705
723168000	7.42	151.62	848
730944000	7.42	151.62	581
730944000	7.42	151.62	554
730944000	7.42	151.62	485
738892800	7.42	151.62	358
754704000	7.42	151.62	744
786240000	7.42	151.62	868
794016000	7.42	151.62	480
809913600	7.42	151.62	363
825638400	7.42	151.62	542
762480000	8.00	-999	777
712627200	9.00	-999	261
794016000	9.05	-999	494
628473600	9.08	167.33	944
681004800	9.08	167.33	336
691545600	9.08	167.33	720
723168000	9.08	167.33	650
738892800	9.08	167.33	435
778377600	13.00	144.78	378
794016000	13.00	144.78	941
660009600	13.25	144.78	1134
702086400	13.25	144.78	838
660009600	13.30	144.78	711
702086400	13.30	144.78	744
712627200	13.30	144.78	375
712627200	13.30	144.78	327
462844800	13.47	144.78	240
470707200	13.47	144.78	710
478483200	13.47	144.78	910
486432000	13.47	144.78	350
486432000	13.47	144.78	320
494380800	13.47	144.78	430
510019200	13.47	144.78	830
517968000	13.47	144.78	410
525916800	13.47	144.78	550
533779200	13.47	144.78	710
541555200	13.47	144.78	827
549504000	13.47	144.78	714
557452800	13.47	144.78	680
573177600	13.47	144.78	948
596937600	13.47	144.78	602
596937600	13.47	144.78	1048
604713600	13.47	144.78	1040
604713600	13.47	144.78	915
620611200	13.47	144.78	355
628473600	13.47	144.78	690
628473600	13.47	144.78	499
628473600	13.47	144.78	1116
636249600	13.47	144.78	873
636249600	13.47	144.78	810
644198400	13.47	144.78	368
652147200	13.47	144.78	741
670464000	13.47	144.78	694
670464000	13.47	144.78	1109
681004800	13.47	144.78	391
681004800	13.47	144.78	435
691545600	13.47	144.78	592
691545600	13.47	144.78	948
691545600	13.47	144.78	915
723168000	13.47	144.78	918
723168000	13.47	144.78	592
730944000	13.47	144.78	490
730944000	13.47	144.78	626
730944000	13.47	144.78	485
738892800	13.47	144.78	373
738892800	13.47	144.78	372
738892800	13.47	144.78	439
754704000	13.47	144.78	760
754704000	13.47	144.78	748
754704000	13.47	144.78	779
762480000	13.47	144.78	1089
770428800	13.47	144.78	507
786240000	13.47	144.78	839
786240000	13.47	144.78	827
786240000	13.47	144.78	785
786240000	13.47	144.78	727
809913600	13.47	144.78	285
817776000	13.47	144.78	447
817776000	13.47	144.78	410
825638400	13.47	144.78	1041
825638400	13.47	144.78	1117
833587200	13.47	144.78	283
833587200	13.47	144.78	283
833587200	13.47	144.78	281
841536000	13.47	144.78	313
841536000	13.47	144.78	364
841536000	13.47	144.78	291
849398400	13.47	144.78	941
770428800	14.00	144.78	621
660009600	14.10	145.20	1085
702086400	14.10	145.20	742
778377600	14.10	145.20	436
470707200	14.17	145.20	1020
478483200	14.17	145.20	1070
494380800	14.17	145.20	320
502243200	14.17	145.20	770
510019200	14.17	145.20	770
517968000	14.17	145.20	590
549504000	14.17	145.20	616
557452800	14.17	145.20	636
573177600	14.17	145.20	862
604713600	14.17	145.20	1515
604713600	14.17	145.20	1541
620611200	14.17	145.20	275
628473600	14.17	145.20	650
628473600	14.17	145.20	586
652147200	14.17	145.20	731
670464000	14.17	145.20	1175
670464000	14.17	145.20	1042
681004800	14.17	145.20	362
681004800	14.17	145.20	415
691545600	14.17	145.20	748
723168000	14.17	145.20	1084
723168000	14.17	145.20	1002
723168000	14.17	145.20	1041
730944000	14.17	145.20	813
730944000	14.17	145.20	446
738892800	14.17	145.20	370
754704000	14.17	145.20	675
754704000	14.17	145.20	681
762480000	14.17	145.20	1527
770428800	14.17	145.20	515
770428800	14.17	145.20	436
778377600	14.17	145.20	441
786240000	14.17	145.20	770
786240000	14.17	145.20	765
794016000	14.17	145.20	875
809913600	14.17	145.20	287
809913600	14.17	145.20	291
817776000	14.17	145.20	550
817776000	14.17	145.20	629
825638400	14.17	145.20	1032
702086400	14.17	145.20	717
712627200	14.20	145.20	320
817776000	14.30	-999	266
817776000	14.30	-999	374
817776000	14.30	-999	292
702086400	15.00	145.75	615
762480000	15.00	145.75	1441
770428800	15.00	145.75	423
770428800	15.00	145.75	437
778377600	15.00	145.75	541
778377600	15.00	145.75	537
660009600	15.10	145.75	1033
817776000	15.17	145.75	603
817776000	15.17	145.75	598
462844800	15.20	145.75	335
470707200	15.20	145.75	1050
478483200	15.20	145.75	1020
486432000	15.20	145.75	290
502243200	15.20	145.75	840
510019200	15.20	145.75	920
525916800	15.20	145.75	440
533779200	15.20	145.75	710
533779200	15.20	145.75	630
541555200	15.20	145.75	1609
557452800	15.20	145.75	631
573177600	15.20	145.75	785
573177600	15.20	145.75	854
604713600	15.20	145.75	1393
604713600	15.20	145.75	758
604713600	15.20	145.75	1639
620611200	15.20	145.75	372
628473600	15.20	145.75	574
628473600	15.20	145.75	600
636249600	15.20	145.75	915
636249600	15.20	145.75	985
644198400	15.20	145.75	510
644198400	15.20	145.75	453
670464000	15.20	145.75	912
681004800	15.20	145.75	478
681004800	15.20	145.75	446
691545600	15.20	145.75	1246
691545600	15.20	145.75	994
691545600	15.20	145.75	960
712627200	15.20	145.75	299
712627200	15.20	145.75	379
723168000	15.20	145.75	947
730944000	15.20	145.75	447
730944000	15.20	145.75	505
738892800	15.20	145.75	356
738892800	15.20	145.75	346
754704000	15.20	145.75	700
754704000	15.20	145.75	541
762480000	15.20	145.75	1481
778377600	15.20	145.75	432
786240000	15.20	145.75	712
786240000	15.20	145.75	780
786240000	15.20	145.75	737
794016000	15.20	145.75	848
794016000	15.20	145.75	895
809913600	15.20	145.75	378
825638400	15.20	145.75	1074
833587200	15.20	145.75	353
833587200	15.20	145.75	355
833587200	15.20	145.75	355
841536000	15.20	145.75	306
841536000	15.20	145.75	284
849398400	15.20	145.75	907
849398400	15.20	145.75	835
849398400	15.20	145.75	596
620611200	15.50	-999	314
620611200	18.20	-999	491
517968000	18.35	-999	500
478483200	18.42	-77.12	1610
486432000	18.92	-155.68	610
557452800	18.92	-155.68	533
636249600	18.92	-155.68	793
809913600	18.92	-155.68	408
730944000	19.00	-155.68	931
730944000	19.00	-155.68	611
786240000	19.00	-999	1414
660009600	19.10	-999	1195
712627200	19.10	-154.81	473
849398400	19.22	-155.9	589
849398400	19.22	-155.9	522
794016000	19.30	-155.73	1318
794016000	19.30	-155.73	1285
670464000	19.40	-154.85	1333
462844800	19.42	-155.92	520
462844800	19.42	-155.92	575
470707200	19.42	-155.92	1530
470707200	19.42	-155.92	1550
478483200	19.42	-155.92	1380
486432000	19.42	-155.92	580
494380800	19.42	-155.92	460
502243200	19.42	-155.92	1390
502243200	19.42	-155.92	1460
549504000	19.42	-155.92	758
596937600	19.42	-155.92	849
604713600	19.42	-155.92	1693
636249600	19.42	-155.92	729
681004800	19.42	-155.92	399
681004800	19.42	-155.92	285
691545600	19.42	-155.92	954
691545600	19.42	-155.92	958
809913600	19.42	-155.92	267
809913600	19.42	-155.92	414
533779200	19.43	-999	1200
762480000	19.50	-154.81	1515
817776000	19.50	-154.85	1017
628473600	19.67	-999	1063
762480000	19.72	-999	1604
762480000	19.72	-999	1564
778377600	19.72	-999	468
786240000	19.72	-999	1402
817776000	19.72	-155.05	1186
510019200	19.73	-155.05	1760
670464000	19.73	-155.05	1060
809913600	19.73	-155.05	396
738892800	19.98	-999	403
738892800	19.98	-999	535
825638400	20.16	-155.86	1353
825638400	20.16	-155.86	1233
825638400	20.16	-155.86	1287
849398400	20.16	-155.86	605
702086400	20.25	-155.78	1035
702086400	20.25	-155.78	1030
702086400	20.25	-155.78	1163
486432000	20.27	-155.86	590
723168000	20.27	-155.86	1009
738892800	20.27	-155.61	465
770428800	20.27	-999	564
778377600	20.27	-155.61	472
596937600	20.62	-105.25	1319
778377600	21.00	-999	539
470707200	21.28	-157.82	1170
470707200	21.28	-157.82	1140
754704000	21.28	-999	1081
833587200	21.28	-157.82	656
670464000	21.30	-158.00	958
712627200	21.30	-158.00	391
833587200	21.30	-158.00	662
849398400	21.30	-158.00	988
849398400	21.30	-158.00	712
849398400	21.30	-158.00	596
809913600	21.32	-999	339
825638400	21.32	-157.87	1622
573177600	21.35	-999	1208
723168000	21.35	-999	1153
770428800	21.65	-999	646
486432000	21.68	-157.95	630
486432000	21.98	-159.38	580
486432000	21.98	-159.38	560
486432000	21.98	-159.38	460
541555200	21.98	-159.38	2023
660009600	22.00	-999	1602
778377600	22.00	-999	503
486432000	22.15	-999	700
462844800	22.23	-159.32	450
470707200	22.23	-159.32	1250
470707200	22.23	-159.32	1250
478483200	22.23	-159.32	1670
478483200	22.23	-159.32	1650
494380800	22.23	-159.32	690
494380800	22.23	-159.32	880
502243200	22.23	-159.32	1810
502243200	22.23	-159.32	1840
510019200	22.23	-159.32	2260
517968000	22.23	-159.32	650
525916800	22.23	-159.32	810
533779200	22.23	-159.32	1850
557452800	22.23	-159.32	601
557452800	22.23	-159.32	438
778377600	22.53	-109.54	628
628473600	22.88	-109.54	1352
628473600	22.88	-109.54	1231
636249600	22.88	-109.54	1222
636249600	22.88	-109.54	1386
644198400	22.88	-109.54	595
670464000	22.88	-109.54	1920
670464000	22.88	-109.54	1870
670464000	22.88	-109.54	1736
681004800	22.88	-109.54	574
691545600	22.88	-109.54	1531
691545600	22.88	-109.54	951
691545600	22.88	-109.54	973
723168000	22.88	-109.54	1437
730944000	22.88	-109.54	1804
730944000	22.88	-109.54	1629
730944000	22.88	-109.54	1757
730944000	22.88	-109.54	1760
738892800	22.88	-109.54	467
738892800	22.88	-109.54	486
738892800	22.88	-109.54	642
738892800	22.88	-109.54	536
754704000	22.88	-109.54	1031
754704000	22.88	-109.54	1069
754704000	22.88	-109.54	1046
825638400	22.88	-109.54	1671
825638400	22.88	-109.54	1787
825638400	22.88	-109.54	1749
833587200	22.88	-109.54	906
833587200	22.88	-109.54	826
833587200	22.88	-109.54	831
833587200	22.88	-109.54	877
841536000	22.88	-109.54	435
841536000	22.88	-109.54	360
841536000	22.88	-109.54	443
849398400	22.88	-109.54	780
849398400	22.88	-109.54	834
849398400	22.88	-109.54	848
849398400	22.88	-109.54	879
660009600	22.90	-109.54	1529
660009600	22.90	-109.54	1333
702086400	22.90	-109.54	766
702086400	22.90	-109.54	653
702086400	22.90	-109.54	766
712627200	22.90	-109.54	532
712627200	22.90	-109.54	522
712627200	22.90	-109.54	416
786240000	22.90	-109.54	1169
786240000	22.90	-109.54	981
794016000	22.90	-109.54	1271
794016000	22.90	-109.54	1192
794016000	22.90	-109.54	1336
817776000	22.90	-109.54	1243
817776000	22.90	-109.54	663
762480000	23.00	-109.54	1536
762480000	23.00	-109.54	1674
762480000	23.00	-109.54	1819
762480000	23.00	-109.54	1892
778377600	23.00	-109.54	699
778377600	23.00	-109.54	464
786240000	23.00	-109.54	1108
681004800	23.05	-109.7	574
681004800	23.05	-109.7	612
770428800	23.50	-109.7	490
770428800	23.50	-109.7	855
596937600	23.53	-110.33	1900
470707200	24.20	-110.08	1990
470707200	24.20	-110.08	1880
502243200	24.20	-110.08	1840
502243200	24.20	-110.08	1850
510019200	24.20	-110.08	2510
510019200	24.20	-110.08	1270
549504000	24.20	-110.08	646
486432000	24.28	-109.87	560
486432000	24.28	-109.87	710
541555200	26.00	-999	2107
762480000	27.05	-999	1991
778377600	27.08	-999	972
786240000	27.08	-999	1647
786240000	27.08	-999	1620
712627200	27.50	-999	592
712627200	27.50	-999	434
712627200	27.50	-999	520
462844800	27.93	-110.90	630
470707200	27.93	-110.90	1860
470707200	27.93	-110.90	1900
478483200	27.93	-110.90	1800
478483200	27.93	-110.90	1750
486432000	27.93	-110.90	460
486432000	27.93	-110.90	430
494380800	27.93	-110.90	720
494380800	27.93	-110.90	1120
525916800	27.93	-110.90	750
525916800	27.93	-110.90	730
596937600	27.93	-110.90	1880
596937600	28.00	-999	2162
620611200	28.63	-999	743
517968000	29.00	-999	990
533779200	29.83	-115.83	1890
557452800	29.83	-115.83	763
723168000	29.83	-115.67	1413
723168000	29.83	-115.67	1418
754704000	29.83	-115.67	1713
754704000	29.83	-115.67	1637
660009600	30.00	-115.67	1408
660009600	30.00	-115.67	1470
702086400	30.00	-115.67	1505
702086400	30.00	-115.67	1480
702086400	30.00	-115.67	1457
762480000	30.00	-115.67	2142
762480000	30.00	-115.67	2086
533779200	30.02	-115.67	1940
636249600	30.02	-115.67	2088
644198400	30.02	-115.67	902
644198400	30.02	-115.67	713
652147200	30.02	-115.67	710
652147200	30.02	-115.67	862
681004800	30.02	-115.67	682
681004800	30.02	-115.67	680
691545600	30.02	-115.67	1788
723168000	30.02	-115.67	1399
723168000	30.02	-115.67	1442
723168000	30.02	-115.67	1395
730944000	30.02	-115.67	2003
738892800	30.02	-115.67	813
738892800	30.02	-115.83	636
762480000	30.02	-115.67	2067
778377600	30.02	-115.67	882
809913600	30.02	-115.67	648
809913600	30.02	-115.67	658
825638400	30.02	-115.67	1481
833587200	30.02	-115.67	1079
809913600	30.28	-115.95	720
809913600	30.28	-115.95	724
557452800	30.35	-115.95	1215
754704000	30.35	-115.95	1635
849398400	30.35	-115.95	1174
778377600	30.40	-115.95	959
517968000	30.75	-999	1100
730944000	30.80	-999	2075
762480000	31.00	-999	2128
833587200	31.13	-116.33	1097
841536000	31.13	-116.33	867
841536000	31.13	-116.33	794
681004800	31.33	-116.50	495
825638400	31.33	-116.42	1531
702086400	31.50	-999.00	1512
817776000	31.70	-999	1357
817776000	31.70	-999	1340
817776000	31.70	-999	1336
817776000	31.70	-999	1340
636249600	31.87	-116.62	2057
825638400	31.87	-116.62	1321
712627200	32.00	-999	554
730944000	32.00	-999	1997
681004800	32.33	-999	562
681004800	32.33	-999	557
470707200	32.50	-117.20	2000
478483200	32.78	-999	1780
494380800	33.43	-117.62	1260
510019200	33.43	-117.62	2340
517968000	33.43	-117.62	990
549504000	33.43	-117.62	1084
494380800	34.00	-119.75	1100
470707200	34.28	-119.30	2425
786240000	34.53	-999	1772
762480000	34.65	-999	2067
681004800	34.70	-999	775
462844800	35.15	-120.63	610
478483200	35.15	-120.63	2280
644198400	35.15	-120.63	933
841536000	35.32	-120.83	669
841536000	35.32	-120.83	847
809913600	35.37	-120.83	612
702086400	35.39	-121.18	1692
702086400	35.40	-121.18	1149
712627200	35.40	-999	712
770428800	35.63	-121.18	745
786240000	35.63	-121.18	1843
494380800	35.65	-121.18	1100
494380800	35.65	-121.18	1170
541555200	35.65	-121.18	2446
549504000	35.65	-121.18	916
596937600	35.65	-121.18	2048
636249600	35.65	-121.18	1949
644198400	35.65	-121.18	810
652147200	35.65	-121.18	797
652147200	35.65	-121.18	824
730944000	35.65	-121.18	2158
833587200	35.65	-121.18	1063
670464000	35.67	-999	2137
762480000	35.75	-121.18	2196
841536000	35.75	-121.18	679
525916800	36.00	-120.19	1350
596937600	36.00	-999	1959
702086400	36.00	-999	1116
712627200	36.00	-999	574
833587200	36.00	-999	1039
770428800	36.02	-999	817
817776000	36.15	-121.83	1446
833587200	36.15	-121.83	1047
644198400	36.18	-999	839
486432000	36.25	-121.83	860
502243200	36.25	-121.83	1680
517968000	36.25	-121.83	1090
573177600	36.25	-121.83	1169
825638400	36.33	-121.83	1898
841536000	36.33	-121.83	703
660009600	36.48	-999	2188
549504000	36.53	-121.55	1038
644198400	36.53	-121.55	894
462844800	36.62	-121.92	550
478483200	36.62	-121.92	2070
636249600	36.68	-121.92	1943
604713600	37.17	-122.02	1970
809913600	37.33	-999	626
636249600	37.47	-999	1908
770428800	37.47	-999	844
644198400	37.54	-999	1000
652147200	37.54	-999	767
770428800	37.62	-112.22	699
738892800	37.63	-999	821
809913600	37.63	-999	515
541555200	37.78	-999	1876
541555200	37.78	-999	1886
573177600	37.88	-999	1154
573177600	37.88	-999	1324
723168000	37.97	-999	1625
510019200	38.00	-122.98	2230
660009600	38.00	-122.98	1940
712627200	38.00	-122.98	539
770428800	38.00	-122.98	713
778377600	38.00	-122.98	1072
817776000	38.00	-122.98	1339
762480000	38.05	-122.98	2190
778377600	38.05	-122.98	1006
786240000	38.05	-122.98	1884
573177600	38.07	-122.98	1895
620611200	38.07	-122.98	976
620611200	38.07	-122.98	829
670464000	38.07	-122.98	1909
670464000	38.07	-122.98	2039
723168000	38.07	-122.98	1616
730944000	38.07	-122.98	2177
738892800	38.07	-122.98	804
762480000	38.27	-123.05	2149
541555200	38.33	-123.05	2154
786240000	38.33	-123.05	1880
825638400	38.33	-123.05	1861
470707200	38.45	-123.12	2275
486432000	38.45	-123.12	680
494380800	38.45	-123.12	980
702086400	38.50	-123.71	1966
620611200	38.51	-123.71	1098
604713600	38.60	-123.71	1962
573177600	38.92	-123.71	2130
670464000	38.92	-123.71	2093
723168000	38.92	-123.71	1671
730944000	38.92	-123.71	1922
738892800	38.92	-123.71	751
754704000	38.92	-123.71	1711
778377600	38.92	-123.71	1078
809913600	38.92	-123.71	642
833587200	38.92	-123.71	1021
841536000	38.92	-123.71	778
817776000	38.95	-123.71	1424
712627200	39.00	-123.71	562
794016000	39.00	-999	2026
660009600	39.30	-999	2328
462844800	39.32	-123.78	880
470707200	39.32	-123.78	2425
478483200	39.32	-123.78	2215
541555200	39.32	-123.78	2063
525916800	39.40	-999	1240
486432000	39.43	-123.81	830
510019200	39.43	-123.81	2450
517968000	39.43	-123.81	1020
628473600	39.43	-123.81	1406
681004800	39.43	-123.81	789
825638400	39.43	-123.81	1951
833587200	39.43	-123.81	1004
660009600	39.50	-123.82	2161
778377600	39.75	-123.82	1040
533779200	39.83	-999	1880
786240000	40.00	-999	1950
786240000	40.00	-999	1925
573177600	40.42	-999	2393
644198400	40.78	-999	1087
652147200	40.78	-999	833
833587200	40.78	-999	977
712627200	41.00	-124.13	542
470707200	41.07	-124.13	2260
478483200	41.07	-124.13	2280
494380800	41.07	-124.13	960
494380800	41.07	-124.13	1170
596937600	41.07	-124.13	1866
762480000	41.10	-124.13	2212
517968000	41.13	-999	1060
604713600	41.13	-999	1818
486432000	41.28	-124.07	1020
604713600	41.40	-999	2044
770428800	41.52	-999	962
573177600	41.75	-999	2484
817776000	41.80	-999	1337
754704000	41.87	-999	1588
786240000	41.95	-999	1750
670464000	42.00	-999	1898
794016000	42.00	-999	2046
849398400	42.05	-124.19	1338
494380800	42.32	-124.43	990
660009600	42.45	-124.60	2179
604713600	42.48	-124.60	1680
712627200	42.50	-124.60	527
712627200	42.50	-124.60	552
525916800	42.57	-124.38	1240
702086400	42.80	-124.60	2019
730944000	42.80	-124.60	2233
794016000	42.80	-124.60	1989
462844800	42.83	-124.60	875
478483200	42.83	-124.60	2420
486432000	42.83	-124.60	840
510019200	42.83	-124.60	2330
517968000	42.83	-124.60	960
573177600	42.83	-124.60	2367
628473600	42.83	-124.60	1479
652147200	42.83	-124.60	688
681004800	42.83	-124.60	994
723168000	42.83	-124.60	1772
738892800	42.83	-124.60	745
809913600	42.83	-124.60	604
825638400	42.83	-124.60	1959
762480000	42.85	-124.60	2289
596937600	43.12	-124.42	1833
644198400	43.12	-124.42	1022
723168000	43.12	-124.42	1454
670464000	43.30	-124.42	1927
770428800	43.30	-124.42	715
841536000	43.92	-124.10	761
849398400	43.92	-124.10	1667
533779200	43.95	-124.10	1960
702086400	44.18	-999	1956
510019200	44.20	-124.10	2330
786240000	44.30	-124.10	1902
730944000	44.47	-117.84	1727
525916800	44.50	-124.06	1210
825638400	44.52	-124.08	2010
702086400	44.59	-124.02	2048
670464000	44.65	-124.08	2198
762480000	44.90	-124.08	2177
470707200	44.93	-124.02	2380
478483200	44.95	-124.02	1960
486432000	44.95	-124.02	1070
620611200	44.95	-124.02	1236
549504000	45.00	-124.02	1086
691545600	45.17	-999.00	1954
762480000	45.18	-999	2327
573177600	45.33	-123.97	2418
778377600	45.33	-123.97	760
833587200	45.33	-123.97	1018
841536000	45.33	-123.97	551
660009600	45.34	-123.97	2233
730944000	45.40	-118.81	1888
462844800	45.45	-123.83	860
510019200	45.45	-123.83	2550
557452800	45.45	-123.83	825
502243200	45.47	-123.97	1720
636249600	45.47	-123.97	2246
770428800	45.50	-123.97	969
849398400	45.53	-122.67	1857
738892800	45.67	-999	774
628473600	45.77	-123.98	1531
770428800	45.87	-123.96	881
494380800	45.88	-116.98	1150
502243200	45.97	-123.75	1770
644198400	46.00	-123.93	991
786240000	46.18	-123.93	1763
533779200	46.30	-124.05	2040
573177600	46.30	-124.05	2543
833587200	46.32	-124.05	947
730944000	46.55	-124.05	2162
470707200	46.58	-124.05	2530
644198400	46.62	-124.05	1043
596937600	46.82	-124.10	1775
825638400	46.82	-124.10	1860
670464000	46.88	-124.10	2174
770428800	46.95	-123.88	894
502243200	47.00	-124.10	1780
712627200	47.00	-124.10	514
841536000	47.04	-124.10	746
470707200	47.07	-124.10	2370
525916800	47.07	-124.10	1180
541555200	47.07	-124.10	2003
549504000	47.07	-124.10	1204
557452800	47.07	-124.10	1146
652147200	47.07	-124.10	742
691545600	47.07	-124.10	1585
691545600	47.07	-124.10	1590
723168000	47.07	-124.10	1594
730944000	47.07	-124.10	2041
738892800	47.07	-124.10	708
762480000	47.07	-124.10	2300
762480000	47.10	-124.10	2177
849398400	47.10	-124.10	1908
486432000	47.12	-124.10	1050
604713600	47.12	-124.10	2153
849398400	47.17	-123.75	1790
636249600	47.20	-123.94	2678
723168000	47.20	-123.94	1646
754704000	47.22	-124.20	1699
786240000	47.22	-120.98	2072
809913600	47.35	-120.98	551
604713600	47.37	-999	2071
517968000	47.60	-124.37	1280
770428800	47.60	-120.89	953
628473600	47.64	-124.50	1682
670464000	47.64	-124.50	2113
681004800	47.64	-124.50	628
691545600	47.64	-124.50	1745
825638400	47.64	-124.50	2171
573177600	47.92	-124.63	2820
478483200	48.37	-124.62	2380
525916800	48.37	-124.62	1190
825638400	48.37	-124.62	1824
510019200	48.38	-124.72	2470
825638400	48.38	-124.72	1805
462844800	48.58	-999	710
770428800	53.00	-166.53	928
770428800	53.00	-166.53	876
794016000	53.00	-166.53	2332
794016000	53.00	-166.53	2242
660009600	53.53	-166.53	2091
557452800	53.88	-166.53	1024
620611200	53.88	-166.53	869
620611200	53.88	-166.53	927
628473600	53.88	-166.53	1917
636249600	53.88	-166.53	2310
636249600	53.88	-166.53	1971
825638400	53.88	-166.53	2034
825638400	53.88	-166.53	2027
825638400	53.88	-166.53	1945
762480000	57.35	-152.40	2314
762480000	57.35	-152.40	2317
762480000	57.35	-152.40	2354
770428800	57.35	-152.40	991
762480000	57.48	-152.40	2331
660009600	57.50	-152.40	2040
770428800	57.50	-152.40	955
770428800	57.50	-152.40	974
794016000	57.50	-152.40	2217
794016000	57.50	-152.40	2226
794016000	57.50	-152.40	2192
817776000	57.50	-152.40	1492
817776000	57.50	-152.40	1715
817776000	57.50	-152.40	1332
817776000	57.50	-152.40	1395
786240000	57.58	-152.40	1883
786240000	57.58	-152.40	1862
786240000	57.58	-152.40	1930
620611200	57.67	-152.40	747
702086400	57.67	-152.40	2108
712627200	57.70	-152.40	601
712627200	57.70	-152.40	575
712627200	57.70	-152.40	601
462844800	57.80	-152.40	780
470707200	57.80	-152.40	2230
478483200	57.80	-152.40	2300
486432000	57.80	-152.40	970
494380800	57.80	-152.40	1130
494380800	57.80	-152.40	1030
502243200	57.80	-152.40	2030
510019200	57.80	-152.40	2720
510019200	57.80	-152.40	2840
517968000	57.80	-152.40	990
525916800	57.80	-152.40	1150
525916800	57.80	-152.40	1150
533779200	57.80	-152.40	1940
541555200	57.80	-152.40	2098
541555200	57.80	-152.40	2044
573177600	57.80	-152.40	2565
573177600	57.80	-152.40	2474
596937600	57.80	-152.40	1753
596937600	57.80	-152.40	1804
604713600	57.80	-152.40	2366
604713600	57.80	-152.40	2157
604713600	57.80	-152.40	2327
620611200	57.80	-152.40	940
628473600	57.80	-152.40	1724
628473600	57.80	-152.40	1690
636249600	57.80	-152.40	2489
636249600	57.80	-152.40	2372
644198400	57.80	-152.40	1133
644198400	57.80	-152.40	1112
652147200	57.80	-152.40	975
652147200	57.80	-152.40	919
670464000	57.80	-152.40	2348
681004800	57.80	-152.40	859
681004800	57.80	-152.40	1032
681004800	57.80	-152.40	1065
691545600	57.80	-152.40	1767
691545600	57.80	-152.40	1902
691545600	57.80	-152.40	1766
691545600	57.80	-152.40	1756
691545600	57.80	-152.40	1836
691545600	57.80	-152.40	1740
723168000	57.80	-152.40	1655
723168000	57.80	-152.40	1604
723168000	57.80	-152.40	1702
723168000	57.80	-152.40	1740
730944000	57.80	-152.40	2264
730944000	57.80	-152.40	2117
730944000	57.80	-152.40	2117
730944000	57.80	-152.40	2099
738892800	57.80	-152.40	769
738892800	57.80	-152.40	795
738892800	57.80	-152.40	765
754704000	57.80	-152.40	1786
754704000	57.80	-152.40	1734
778377600	57.80	-152.40	1094
825638400	57.80	-152.40	1979
825638400	57.80	-152.40	1982
833587200	57.80	-152.40	853
833587200	57.80	-152.40	852
833587200	57.80	-152.40	786
841536000	57.80	-152.40	935
841536000	57.80	-152.40	886
849398400	57.80	-152.40	1736
849398400	57.80	-152.40	1890
849398400	57.80	-152.40	1936
849398400	57.80	-152.40	1922
809913600	57.84	-152.40	817
809913600	57.84	-152.40	804
809913600	57.84	-152.40	1007
809913600	57.84	-152.40	930
809913600	57.84	-152.40	919
557452800	59.65	-151.55	1047
712627200	60.00	-999.00	813
770428800	60.00	-999.00	931
549504000	60.12	-149.45	1390
557452800	60.12	-149.45	852
841536000	60.12	-149.45	979
809913600	60.75	-148.78	698
809913600	60.75	-148.78	693
809913600	60.75	-148.78	868
573177600	60.80	-161.75	2766
573177600	60.80	-161.75	2664
712627200	60.80	-161.75	715
817776000	60.80	-161.75	1381
702086400	60.83	-161.75	1966
462844800	60.83	-161.75	840
470707200	60.83	-161.75	2150
470707200	60.83	-161.75	2360
478483200	60.83	-161.75	2500
486432000	60.83	-161.75	930
494380800	60.83	-161.75	1000
502243200	60.83	-161.75	2260
510019200	60.83	-161.75	2520
517968000	60.83	-161.75	970
533779200	60.83	-161.75	2050
533779200	60.83	-161.75	2020
541555200	60.83	-161.75	2088
549504000	60.83	-161.75	1353
549504000	60.83	-161.75	1184
557452800	60.83	-161.75	1271
596937600	60.83	-161.75	1696
596937600	60.83	-161.75	1747
620611200	60.83	-161.75	800
628473600	60.83	-161.75	1795
644198400	60.83	-161.75	1143
644198400	60.83	-161.75	1163
670464000	60.83	-161.75	2356
681004800	60.83	-161.75	821
681004800	60.83	-161.75	784
681004800	60.83	-161.75	826
691545600	60.83	-161.75	1797
691545600	60.83	-161.75	1844
691545600	60.83	-161.75	1842
723168000	60.83	-161.75	1628
723168000	60.83	-161.75	1606
738892800	60.83	-161.75	742
738892800	60.83	-161.75	769
754704000	60.83	-161.75	1760
754704000	60.83	-161.75	1796
762480000	60.83	-161.75	2300
762480000	60.83	-161.75	2502
770428800	60.83	-161.75	929
770428800	60.83	-161.75	998
778377600	60.83	-161.75	1152
786240000	60.83	-161.75	1932
786240000	60.83	-161.75	1942
833587200	60.83	-161.75	886
833587200	60.83	-161.75	941
841536000	60.83	-161.75	973
849398400	60.83	-161.75	1603
849398400	60.83	-161.75	1556
825638400	61.22	-999	2226
809913600	64.49	-147.72	864
557452800	64.50	-147.72	1059
604713600	64.50	-147.72	2195
604713600	64.50	-147.72	2508
712627200	64.50	-147.72	692
762480000	64.50	-147.72	2670
762480000	64.50	-147.72	2617
786240000	64.50	-147.72	2246
786240000	64.50	-147.72	2189
794016000	64.50	-147.72	2118
825638400	64.50	-147.72	2121
825638400	64.50	-147.72	2115
841536000	64.50	-147.72	986
841536000	64.50	-147.72	1018
849398400	64.50	-147.72	1637
770428800	64.51	-147.72	914
478483200	64.85	-147.72	2400
494380800	64.85	-147.72	990
502243200	64.85	-147.72	2420
510019200	64.85	-147.72	2570
604713600	64.85	-147.72	2391
604713600	64.85	-147.72	2427
604713600	64.85	-147.72	2400
620611200	64.85	-147.72	1096
620611200	64.85	-147.72	949
628473600	64.85	-147.72	1763
628473600	64.85	-147.72	1781
636249600	64.85	-147.72	2444
636249600	64.85	-147.72	2643
644198400	64.85	-147.72	1064
652147200	64.85	-147.72	897
670464000	64.85	-147.72	1957
670464000	64.85	-147.72	1848
670464000	64.85	-147.72	2019
681004800	64.85	-147.72	977
681004800	64.85	-147.72	936
691545600	64.85	-147.72	1785
691545600	64.85	-147.72	1772
691545600	64.85	-147.72	1760
691545600	64.85	-147.72	1791
723168000	64.85	-147.72	1937
723168000	64.85	-147.72	2050
730944000	64.85	-147.72	2138
754704000	64.85	-147.72	2007
754704000	64.85	-147.72	1910
754704000	64.85	-147.72	1885
770428800	64.85	-147.72	955
778377600	64.85	-147.72	1024
794016000	64.85	-147.72	2196
794016000	64.85	-147.72	2175
817776000	64.85	-147.72	1736
462844800	64.97	-147.63	760
470707200	64.97	-147.63	2460
486432000	64.97	-147.63	1030
517968000	64.97	-147.63	1340
778377600	65.00	-147.72	1052
778377600	65.00	-147.72	1005
778377600	65.00	-147.72	1042
712627200	65.10	-147.72	682
486432000	65.12	-147.72	1070
533779200	65.12	-147.72	1880
660009600	65.30	-147.72	2092
712627200	65.30	-147.72	697
702086400	65.40	-147.72	1976
702086400	65.40	-147.72	1982
702086400	65.40	-147.72	2005
770428800	65.40	-147.72	846
770428800	65.40	-147.72	839
770428800	65.40	-147.72	812
549504000	65.53	-147.72	1313
738892800	65.53	-148.55	822
462844800	66.57	-145.27	760
462844800	66.57	-145.27	785
478483200	66.57	-145.27	2380
494380800	66.57	-145.27	1050
517968000	66.57	-145.27	1260
525916800	66.57	-145.27	1370
533779200	66.57	-145.27	2200
541555200	66.57	-145.27	2839
549504000	66.57	-145.27	1347
557452800	66.57	-145.27	1158
573177600	66.57	-145.27	2753
549504000	66.83	-150.50	1309
702086400	67.00	-50.40	1242
702086400	67.00	-50.40	1820
702086400	68.08	-145.53	1799
541555200	68.13	-145.53	2527
541555200	68.13	-145.53	2520
557452800	68.13	-145.53	1025
573177600	68.13	-145.53	2786
628473600	68.13	-145.53	1650
636249600	68.13	-145.53	2202
691545600	68.13	-145.53	1748
691545600	68.13	-145.53	1785
525916800	69.00	-147.37	1180
596937600	69.00	-147.37	1724
525916800	70.25	-148.37	1110
604713600	70.25	-148.37	2256
636249600	70.25	-148.37	2353
723168000	70.25	-148.37	2240
660009600	70.30	-148.37	2223
712627200	71.00	-156.78	740
712627200	71.00	-156.78	679
712627200	71.00	-156.78	669
770428800	71.03	-156.78	1011
660009600	71.10	-156.78	2120
660009600	71.10	-156.78	2299
762480000	71.17	-156.78	2631
762480000	71.17	-156.78	2691
778377600	71.17	-156.78	863
786240000	71.17	-156.78	2117
786240000	71.17	-156.78	1983
786240000	71.17	-156.78	2052
817776000	71.17	-156.78	1987
809913600	71.18	-156.78	851
809913600	71.18	-156.78	836
809913600	71.18	-156.78	818
809913600	71.18	-156.78	1040
809913600	71.18	-156.78	861
770428800	71.20	-156.78	901
794016000	71.20	-156.78	2095
794016000	71.20	-156.78	2168
794016000	71.20	-156.78	2179
660009600	71.28	-156.78	2114
702086400	71.28	-156.78	1643
702086400	71.28	-156.78	1911
702086400	71.28	-156.78	1653
702086400	71.28	-156.78	1691
702086400	71.28	-156.78	1872
817776000	71.28	-156.78	1935
778377600	71.28	-156.78	877
778377600	71.28	-156.78	894
462844800	71.30	-156.78	900
470707200	71.30	-156.78	2120
470707200	71.30	-156.78	2150
470707200	71.30	-156.78	2240
478483200	71.30	-156.78	2040
478483200	71.30	-156.78	2080
486432000	71.30	-156.78	1060
486432000	71.30	-156.78	880
486432000	71.30	-156.78	840
494380800	71.30	-156.78	970
494380800	71.30	-156.78	1020
502243200	71.30	-156.78	2510
517968000	71.30	-156.78	1200
525916800	71.30	-156.78	1060
525916800	71.30	-156.78	1110
541555200	71.30	-156.78	2651
549504000	71.30	-156.78	1252
549504000	71.30	-156.78	1530
557452800	71.30	-156.78	1001
573177600	71.30	-156.78	2598
573177600	71.30	-156.78	2614
596937600	71.30	-156.78	2304
604713600	71.30	-156.78	2482
620611200	71.30	-156.78	851
628473600	71.30	-156.78	1777
628473600	71.30	-156.78	1773
636249600	71.30	-156.78	2654
636249600	71.30	-156.78	2253
644198400	71.30	-156.78	921
644198400	71.30	-156.78	929
644198400	71.30	-156.78	882
652147200	71.30	-156.78	728
652147200	71.30	-156.78	778
670464000	71.30	-156.78	1564
670464000	71.30	-156.78	1713
670464000	71.30	-156.78	1465
670464000	71.30	-156.78	1711
681004800	71.30	-156.78	951
681004800	71.30	-156.78	967
681004800	71.30	-156.78	973
681004800	71.30	-156.78	936
691545600	71.30	-156.78	1595
723168000	71.30	-156.78	2187
723168000	71.30	-156.78	2328
730944000	71.30	-156.78	2175
730944000	71.30	-156.78	2065
730944000	71.30	-156.78	1970
738892800	71.30	-156.78	858
738892800	71.30	-156.78	850
738892800	71.30	-156.78	807
778377600	71.30	-156.78	944
825638400	71.30	-156.78	2139
825638400	71.30	-156.78	2199
833587200	71.30	-156.78	947
833587200	71.30	-156.78	1031
841536000	71.30	-156.78	895
762480000	71.71	-156.78	2689
712627200	89.95	-999	782
712627200	89.98	-999	770