827311800	71.3	-156.78	2139
827341800	71.3	-156.78	2199
834950700	71.3	-156.78	947
835021800	71.3	-156.78	1031
842389500	71.3	-156.78	895
850423200	71.3	-156.78	2539
850500600	71.3	-156.78	2450
858962400	71.3	-156.78	2364
866659500	71.3	-156.78	905
866710800	71.3	-156.78	868
866736000	71.3	-156.78	954
874409100	71.3	-156.78	664
874428300	71.3	-156.78	717
874485900	71.3	-156.78	681
874515000	71.3	-156.78	630
882357000	71.3	-156.78	2235
882375900	71.3	-156.78	2195
882435600	71.3	-156.78	2125
882462900	71.3	-156.78	2224
890047800	71.3	-156.78	2277
890123400	71.3	-156.78	2000
898092000	71.3	-156.78	1093
898099200	71.3	-156.78	1162
898159500	71.3	-156.78	1142
898185000	71.3	-156.78	1116
906051300	71.3	-156.78	1388
913985100	71.3	-156.78	1986
914002800	71.3	-156.78	1992
914072400	71.3	-156.78	1953
914072400	71.3	-156.78	2175
914168820	71.3	-156.78	2281
921143700	71.3	-156.78	2394
929836800	71.3	-156.78	890
929836800	71.3	-156.78	950
937785600	71.3	-156.78	912
937872000	71.3	-156.78	778
938217600	71.3	-156.78	765
945302400	71.3	-156.78	1650
945302400	71.3	-156.78	1704
945388800	71.3	-156.78	1738
945388800	71.3	-156.78	1751
953164800	71.3	-156.78	2185
953251200	71.3	-156.78	1855
953251200	71.3	-156.78	1930
960681600	71.3	-156.78	926
961027200	71.3	-156.78	1173
961200000	71.3	-156.78	927
969753600	71.3	-156.78	728
969840000	71.3	-156.78	760
976147200	71.3	-156.78	1653
976147200	71.3	-156.78	2195
976233600	71.3	-156.78	1600
976233600	71.3	-156.78	1650
986515200	71.3	-156.78	1793
987033600	71.3	-156.78	1727
992476800	71.3	-156.78	925
992563200	71.3	-156.78	892
992563200	71.3	-156.78	899
992649600	71.3	-156.78	955
1001376000	71.3	-156.78	752
1001462400	71.3	-156.78	757
1001462400	71.3	-156.78	819
1008547200	71.3	-156.78	2081
1008633600	71.3	-156.78	1773
1008633600	71.3	-156.78	1896
1008633600	71.3	-156.78	1945
1017187200	71.3	-156.78	1860
1017187200	71.3	-156.78	1877
1017273600	71.3	-156.78	2059
1017273600	71.3	-156.78	2066
1023753600	71.3	-156.78	1018
1023753600	71.3	-156.78	1023
1023840000	71.3	-156.78	922
1023840000	71.3	-156.78	965
1032220800	71.3	-156.78	1155
1032220800	71.3	-156.78	1179
1032220800	71.3	-156.78	1134
1032220800	71.3	-156.78	1122
1040169600	71.3	-156.78	2410
1040169600	71.3	-156.78	2866
1040169600	71.3	-156.78	2767
1040169600	71.3	-156.78	2737
1048723200	71.3	-156.78	2391
1048723200	71.3	-156.78	2293
1048723200	71.3	-156.78	2401
1048896000	71.3	-156.78	2429
1055721600	71.3	-156.78	1092
1055721600	71.3	-156.78	1197
1055808000	71.3	-156.78	1181
1055808000	71.3	-156.78	1182
1063670400	71.3	-156.78	982
1063670400	71.3	-156.78	1002
1063756800	71.3	-156.78	1152
1063756800	71.3	-156.78	996
1071619200	71.3	-156.78	2063
1071619200	71.3	-156.78	2105
1071705600	71.3	-156.78	2212
1071705600	71.3	-156.78	2104
1079308800	71.3	-156.78	2084
1079308800	71.3	-156.78	2036
1079308800	71.3	-156.78	2112
1079308800	71.3	-156.78	2025
1088467200	71.3	-156.78	785
1088467200	71.3	-156.78	804
1088467200	71.3	-156.78	792
1095120000	71.3	-156.78	902
1095206400	71.3	-156.78	950
1095206400	71.3	-156.78	806
1103155200	71.3	-156.78	1729
1103155200	71.3	-156.78	1901
1103241600	71.3	-156.78	1766
1103241600	71.3	-156.78	1783
1111449600	71.3	-156.78	2411
1111449600	71.3	-156.78	2484
1111536000	71.3	-156.78	2356
1111536000	71.3	-156.78	2277
1118620800	71.3	-156.78	915
1118620800	71.3	-156.78	891
1118707200	71.3	-156.78	883
1118707200	71.3	-156.78	878
1126224000	71.3	-156.78	827
1126224000	71.3	-156.78	778
1126224000	71.3	-156.78	790
1134000000	71.3	-156.78	1874
1134000000	71.3	-156.78	1888
1134086400	71.3	-156.78	1816
1143158400	71.3	-156.78	2151
1150156800	71.3	-156.78	1044
1150243200	71.3	-156.78	1015
1150329600	71.3	-156.78	1028
1158883200	71.3	-156.78	731
1158883200	71.3	-156.78	998
1159142400	71.3	-156.78	987
1165968000	71.3	-156.78	2005
1173830400	71.3	-156.78	2667
1173830400	71.3	-156.78	2695
1180656000	71.3	-156.78	1122
1180828800	71.3	-156.78	1069
1181088000	71.3	-156.78	1065
1181260800	71.3	-156.78	1330
1190678400	71.3	-156.78	772
1190678400	71.3	-156.78	751
1190764800	71.3	-156.78	722
1190764800	71.3	-156.78	734
1196553600	71.3	-156.78	1585
1196553600	71.3	-156.78	1558
1196640000	71.3	-156.78	1368
1196640000	71.3	-156.78	1359
1205366400	71.3	-156.78	2597
1205366400	71.3	-156.78	2455
1205452800	71.3	-156.78	2551
1205452800	71.3	-156.78	2432
1212537600	71.3	-156.78	1177
1212537600	71.3	-156.78	1176
1212624000	71.3	-156.78	966
1212624000	71.3	-156.78	1009
1173744000	71.18	-156.47	2834
1173744000	71.18	-156.47	2903
1088380800	71.17	-156.49	817
1088380800	71.17	-156.49	834
865720800	64.97	-147.63	972
866629800	64.97	-147.63	933
827413500	64.5	-147.43	2121
827418300	64.5	-147.43	2115
835281900	64.5	-147.43	1308
842349600	64.5	-147.43	986
850390500	64.5	-147.43	1637
858247200	64.5	-147.43	2389
859036800	64.5	-147.43	2022
859058700	64.5	-147.43	2175
889980600	64.5	-147.43	1848
897999900	64.5	-147.43	1153
898027200	64.5	-147.43	1198
905872500	64.5	-147.43	1775
913910520	64.5	-147.43	2329
921255540	64.5	-147.43	2359
921338640	64.5	-147.43	2401
929750400	64.5	-147.43	1302
937699200	64.5	-147.43	879
992390400	64.5	-147.43	1007
992390400	64.5	-147.43	1021
1039910400	64.5	-147.43	1661
1039996800	64.5	-147.43	1642
1039996800	64.5	-147.43	1596
1150675200	64.5	-165.4	991
1150675200	64.5	-165.4	973
874337700	64.49	-147.72	849
874341300	64.49	-147.72	731
929750400	64.49	-147.72	892
929750400	64.49	-147.72	893
937699200	64.49	-147.72	851
945216000	64.49	-147.72	1786
945216000	64.49	-147.72	1849
953078400	64.49	-147.72	2171
960940800	64.49	-147.72	1006
960940800	64.49	-147.72	1017
969667200	64.49	-147.72	771
969667200	64.49	-147.72	788
976060800	64.49	-147.72	1546
985478400	64.49	-147.43	2168
1001289600	64.49	-147.72	849
1001289600	64.49	-147.72	900
1017100800	64.49	-147.72	2056
1017100800	64.49	-147.72	2057
1023667200	64.49	-147.72	1551
1023667200	64.49	-147.72	1551
1032134400	64.49	-147.72	1236
1032134400	64.49	-147.72	1204
1048636800	64.49	-147.72	2632
1048636800	64.49	-147.72	2648
1055894400	64.49	-147.72	1220
1055894400	64.49	-147.72	1213
1063497600	64.49	-147.72	996
1063584000	64.49	-147.72	1013
1071446400	64.49	-147.72	1720
1071532800	64.49	-147.72	1727
1079481600	64.49	-147.72	2375
1079481600	64.49	-147.72	2398
1103328000	64.49	-147.72	1732
1103328000	64.49	-147.72	1656
1111363200	64.49	-147.72	1999
1111363200	64.49	-147.72	1997
1118448000	64.49	-147.72	992
1118448000	64.49	-147.72	1067
1126051200	64.49	-147.72	758
1126051200	64.49	-147.72	739
1133913600	64.49	-147.72	1538
1133913600	64.49	-147.72	1525
1143244800	64.49	-147.72	2265
1143244800	64.49	-147.72	2222
1158796800	64.49	-147.72	827
1158796800	64.49	-147.72	796
1173916800	64.49	-147.72	2230
1181260800	64.49	-147.72	1105
1190592000	64.49	-147.72	750
1190592000	64.49	-147.72	746
1196726400	64.49	-147.72	1324
1196726400	64.49	-147.72	1604
1205366400	64.49	-147.72	2378
1205539200	64.49	-147.72	2472
1212451200	64.49	-147.72	1290
1212710400	64.49	-147.72	1200
1220918400	64.49	-147.72	760
1220918400	64.49	-147.72	791
1228348800	64.49	-147.72	1519
1228348800	64.49	-147.72	1544
920908500	61.71	-148.84	2520
1181088000	61.5	-149.25	976
827063100	61.22	-149.9	2226
905530500	60.77	-148.83	1062
905599200	60.77	-148.83	1280
905621400	60.77	-148.83	1331
835437600	60.75	-148.78	886
835482600	60.75	-148.78	941
842808600	60.75	-148.78	973
850822200	60.75	-148.78	1603
850835700	60.75	-148.78	1556
859488900	60.75	-148.78	1895
866562000	60.75	-148.78	982
874092300	60.75	-148.78	673
882016500	60.75	-148.78	1842
889632000	60.75	-148.78	1778
889718400	60.75	-148.78	2482
897684000	60.75	-148.78	1251
898287000	60.75	-148.78	1214
913566900	60.75	-148.78	2003
913643100	60.75	-148.78	2020
928972800	60.75	-148.78	883
929577600	60.75	-148.78	880
937353600	60.75	-148.78	721
937353600	60.75	-148.78	796
944870400	60.75	-148.78	1677
952819200	60.75	-148.78	2027
952819200	60.75	-148.78	2044
960681600	60.75	-148.78	1005
960681600	60.75	-148.78	1017
961200000	60.75	-148.78	1021
969321600	60.75	-148.78	796
975715200	60.75	-148.78	1409
975801600	60.75	-148.78	1340
985305600	60.75	-148.78	2064
985305600	60.75	-148.78	2076
992131200	60.75	-148.78	1021
992131200	60.75	-148.78	1071
1000771200	60.75	-148.78	683
1000857600	60.75	-148.78	682
1000857600	60.75	-148.78	706
1008028800	60.75	-148.78	1694
1008028800	60.75	-148.78	1701
1016755200	60.75	-148.78	1890
1016755200	60.75	-148.78	1922
1023321600	60.75	-148.78	1121
1023408000	60.75	-148.78	1102
1023408000	60.75	-148.78	1172
1031702400	60.75	-148.78	1274
1031702400	60.75	-148.78	1278
1039737600	60.75	-148.78	1743
1039737600	60.75	-148.78	1816
1048204800	60.75	-148.78	2526
1048204800	60.75	-148.78	2517
1055548800	60.75	-148.78	1020
1055548800	60.75	-148.78	1019
1063411200	60.75	-148.78	1278
1063411200	60.75	-148.78	1272
1071273600	60.75	-148.78	1666
1071360000	60.75	-148.78	1661
1079136000	60.75	-148.78	2100
1079136000	60.75	-148.78	2102
1088121600	60.75	-148.78	575
1088121600	60.75	-148.78	657
1094947200	60.75	-148.78	903
1094947200	60.75	-148.78	845
1103414400	60.75	-148.78	1697
1111276800	60.75	-148.78	2069
1111276800	60.75	-148.78	2070
1118361600	60.75	-148.78	999
1118361600	60.75	-148.78	953
1125705600	60.75	-148.78	729
1125964800	60.75	-148.78	674
1134172800	60.75	-148.78	1552
1134172800	60.75	-148.78	1562
1142726400	60.75	-148.78	2323
1142812800	60.75	-148.78	2208
1150416000	60.75	-148.78	867
1150761600	60.75	-148.78	933
1158883200	60.75	-148.78	803
1174003200	60.75	-148.78	2009
1181001600	60.75	-148.78	1006
1190678400	60.75	-148.78	829
1205107200	60.75	-148.78	2102
1205193600	60.75	-148.78	2160
1212796800	60.75	-148.78	1151
1220659200	60.75	-148.78	626
1221177600	60.75	-148.78	634
1228435200	60.75	-148.78	1442
1228435200	60.75	-148.78	1443
842875380	60.12	-149.45	979
874073820	60.12	-149.45	711
905711400	57.86	-152.83	1329
1079913600	57.85	-152.35	2469
1118188800	57.84	-152.44	994
1118275200	57.84	-152.44	1026
1125792000	57.84	-152.44	644
1125878400	57.84	-152.44	638
1134345600	57.84	-152.44	1749
1134345600	57.84	-152.44	1769
1150502400	57.84	-152.44	839
1150588800	57.84	-152.44	803
1166313600	57.84	-152.44	1580
1166313600	57.84	-152.44	1629
1174089600	57.84	-152.44	2126
1174176000	57.84	-152.44	2236
1180828800	57.84	-152.44	1066
1180915200	57.84	-152.44	1076
1205193600	57.84	-152.44	2101
1212969600	57.84	-152.44	1061
1212969600	57.84	-152.44	1063
1212969600	57.84	-152.44	1122
1220745600	57.84	-152.44	654
1220832000	57.84	-152.44	645
1228521600	57.84	-152.44	1446
1228608000	57.84	-152.44	1464
874161900	57.83	-152.42	890
874237800	57.83	-152.42	798
882106200	57.83	-152.42	1861
882106200	57.83	-152.42	1896
882202200	57.83	-152.42	1949
952905600	57.83	-152.42	2040
952905600	57.83	-152.42	2049
960854400	57.83	-152.42	1003
960854400	57.83	-152.42	1018
969408000	57.83	-152.42	803
975888000	57.83	-152.42	1445
975888000	57.83	-152.42	1471
985046400	57.83	-152.42	2046
985132800	57.83	-152.42	2127
985132800	57.83	-152.42	2171
985219200	57.83	-152.42	2151
992304000	57.83	-152.42	988
992304000	57.83	-152.42	993
992304000	57.83	-152.42	1058
1001203200	57.83	-152.42	771
1001203200	57.83	-152.42	828
1001203200	57.83	-152.42	874
1008115200	57.83	-152.42	1650
1008201600	57.83	-152.42	1727
1008201600	57.83	-152.42	1842
1008288000	57.83	-152.42	1727
1017014400	57.83	-152.42	1746
1017014400	57.83	-152.42	1789
1017014400	57.83	-152.42	1807
1017014400	57.83	-152.42	1875
1023494400	57.83	-152.42	1111
1023580800	57.83	-152.42	1047
1023580800	57.83	-152.42	1049
1023580800	57.83	-152.42	1075
1031875200	57.83	-152.42	1141
1031875200	57.83	-152.42	1226
1031961600	57.83	-152.42	1139
1031961600	57.83	-152.42	1266
1039824000	57.83	-152.42	1770
1039824000	57.83	-152.42	1755
1039910400	57.83	-152.42	1730
1048377600	57.83	-152.42	2499
1048377600	57.83	-152.42	2488
1048464000	57.83	-152.42	2282
1048464000	57.83	-152.42	2192
1055980800	57.83	-152.42	1125
1055980800	57.83	-152.42	1109
1056067200	57.83	-152.42	1221
1056067200	57.83	-152.42	1254
1063238400	57.83	-152.42	1077
1071100800	57.83	-152.42	1815
1071100800	57.83	-152.42	1770
1071187200	57.83	-152.42	1581
1071187200	57.83	-152.42	1577
1079740800	57.83	-152.42	2168
1079913600	57.83	-152.42	2245
1087948800	57.83	-152.42	849
1087948800	57.83	-152.42	826
1088035200	57.83	-152.42	633
1088035200	57.83	-152.42	602
1094688000	57.83	-152.42	788
1094774400	57.83	-152.42	776
1094860800	57.83	-152.42	871
1094860800	57.83	-152.42	833
1103500800	57.83	-152.42	1959
1103587200	57.83	-152.42	1611
1103587200	57.83	-152.42	1760
1111104000	57.83	-152.42	1977
1111104000	57.83	-152.42	2018
1111190400	57.83	-152.42	1927
1111190400	57.83	-152.42	1962
1118275200	57.83	-152.42	1032
1125792000	57.83	-152.42	659
1134345600	57.83	-152.42	1811
1134345600	57.83	-152.42	1743
1142899200	57.83	-152.42	2204
1142985600	57.83	-152.42	2040
1142985600	57.83	-152.42	2129
1142985600	57.83	-152.42	2090
1150502400	57.83	-152.42	828
1150588800	57.83	-152.42	818
1159056000	57.83	-152.42	734
1159228800	57.83	-152.42	790
1174089600	57.83	-152.42	2286
1174176000	57.83	-152.42	2211
1180828800	57.83	-152.42	1065
1180915200	57.83	-152.42	819
1190332800	57.83	-152.42	845
1196899200	57.83	-152.42	1402
1205280000	57.83	-152.42	2218
1212969600	57.83	-152.42	1062
1220832000	57.83	-152.42	633
1228521600	57.83	-152.42	1451
1228608000	57.83	-152.42	1475
1159142400	57.82	-152.21	769
1063238400	57.81	-152.35	1064
826974300	57.8	-152.4	1979
826975500	57.8	-152.4	1982
835291800	57.8	-152.4	853
835349400	57.8	-152.4	852
835366200	57.8	-152.4	786
842646000	57.8	-152.4	886
850579860	57.8	-152.4	1736
850649700	57.8	-152.4	1890
850660200	57.8	-152.4	1936
850666500	57.8	-152.4	1922
859204800	57.8	-152.4	2025
859212000	57.8	-152.4	2049
859227000	57.8	-152.4	2067
866374200	57.8	-152.4	1012
866457900	57.8	-152.4	944
866548800	57.8	-152.4	929
874174500	57.8	-152.4	822
889863900	57.8	-152.4	1863
889892700	57.8	-152.4	2089
889941000	57.8	-152.4	2152
897747600	57.8	-152.4	1148
897770700	57.8	-152.4	1251
897824700	57.8	-152.4	1178
897858000	57.8	-152.4	1145
913726920	57.8	-152.4	1932
913740300	57.8	-152.4	1965
913805100	57.8	-152.4	1975
913826820	57.8	-152.4	2214
929491200	57.8	-152.4	989
937526400	57.8	-152.4	852
937526400	57.8	-152.4	865
937612800	57.8	-152.4	952
937612800	57.8	-152.4	952
945043200	57.8	-152.4	1661
945043200	57.8	-152.4	1672
945216000	57.8	-152.4	1677
1079827200	57.79	-152.44	2228
905785200	57.67	-152.83	1273
921433020	57.44	-152.42	2356
921508680	57.44	-152.42	2263
921518040	57.44	-152.42	2231
827156700	53.88	-166.53	2034
827176200	53.88	-166.53	2027
827231100	53.88	-166.53	1945
826740480	48.38	-124.72	1805
826736160	48.37	-124.62	1824
826813560	47.64	-124.5	2171
874080000	47.64	-124.5	649
898795200	47.64	-124.5	828
929923200	47.64	-124.5	981
1008288000	47.6	-124.37	1677
1039478400	47.6	-124.37	1706
859450200	47.53	-124.33	1996
890055600	47.53	-124.33	2019
913814100	47.53	-124.33	1937
921696300	47.53	-124.33	2551
992304000	47.35	-124.28	990
1190246400	47.35	-124.18	778
850668300	47.16	-123.75	1790
850739220	47.1	-124.1	1908
983923200	47.1	-124.1	1816
842172000	47.04	-124.1	746
866739600	47.04	-124.1	926
944697600	47.04	-124.1	1654
960940800	47.04	-124.1	692
961027200	47.04	-124.1	915
968630400	46.98	-123.88	667
976579200	46.98	-123.88	1756
992304000	46.98	-123.88	1021
1000512000	46.98	-123.88	705
1008288000	46.98	-123.88	1668
1016928000	46.98	-123.88	2061
1024358400	46.98	-123.88	961
1032480000	46.98	-123.88	1258
1039478400	46.98	-123.88	1594
1048291200	46.98	-123.88	1851
1055721600	46.98	-123.88	1142
1063497600	46.98	-123.88	962
1071619200	46.98	-123.88	1804
1071619200	46.98	-123.88	1862
1079568000	46.98	-123.88	1129
1086652800	46.98	-123.88	1008
1110499200	46.98	-123.88	1641
1119139200	46.98	-123.88	840
1126742400	46.98	-123.88	688
1134000000	46.98	-123.88	1837
1143331200	46.98	-123.88	2250
1150502400	46.98	-123.88	842
1158710400	46.98	-123.88	736
1173744000	46.98	-123.88	2140
1181347200	46.98	-123.88	1003
1190246400	46.98	-123.88	558
1196640000	46.98	-123.88	1169
1205280000	46.98	-123.88	1993
1212278400	46.98	-123.88	1240
1221868800	46.98	-123.88	543
826825020	46.81	-124.1	1860
992304000	46.53	-124.04	995
1000598400	46.53	-124.04	742
1000598400	46.53	-124.04	743
1032480000	46.53	-124.04	1232
1032480000	46.53	-124.04	1299
1032480000	46.37	-123.75	1275
937180800	46.35	-124.05	768
835460520	46.31	-124.05	947
952905600	46.31	-124.05	2473
859380600	46.3	-124.05	1818
913888200	46.23	-124	1822
937267200	46.13	-123.38	808
890150400	46	-123.93	2038
1008374400	45.94	-124.02	1595
1017014400	45.94	-124.02	1900
1039564800	45.94	-124.02	1475
1048291200	45.94	-124.02	1809
1055808000	45.94	-124.02	1013
1063497600	45.94	-124.02	972
1071705600	45.94	-124.02	1571
1079654400	45.94	-124.02	1258
1086739200	45.94	-124.02	1028
1102032000	45.94	-124.02	1746
1119139200	45.94	-124.02	856
1126742400	45.94	-124.02	644
1134086400	45.94	-124.02	1475
1143244800	45.94	-124.02	2255
1150588800	45.94	-124.02	862
1158710400	45.94	-124.02	696
1173744000	45.94	-124.02	2047
1181433600	45.94	-124.02	977
1190332800	45.94	-124.02	624
1196726400	45.94	-124.02	1170
1205366400	45.94	-124.02	1740
1212364800	45.94	-124.02	1183
1221868800	45.94	-124.02	607
1228694400	45.94	-124.02	1535
874168200	45.76	-123.98	731
992304000	45.54	-123.58	1007
850754520	45.53	-122.62	1857
1000598400	45.49	-123.57	701
859368600	45.47	-123.97	1827
866721600	45.45	-123.83	901
1024358400	45.45	-123.83	928
1086739200	45.45	-123.97	1021
1110585600	45.45	-123.97	1766
833973720	45.34	-124	1018
842197800	45.34	-124	551
929750400	45.34	-124	804
1039564800	45.34	-124	1537
1008460800	44.77	-124.08	1335
1017100800	44.77	-124.08	1934
826909620	44.68	-124.03	2010
866655600	44.68	-124.03	927
882353400	44.68	-124.03	1684
890301600	44.68	-124.03	2186
961027200	44.68	-124.03	871
984009600	44.68	-124.03	2042
1000598400	44.68	-124.03	708
1024358400	44.68	-124.03	918
1039564800	44.68	-124.03	1555
1055808000	44.68	-124.03	1117
1063584000	44.68	-124.03	1045
1071705600	44.68	-124.03	1741
1079654400	44.68	-124.03	1169
1086739200	44.68	-124.03	996
1094256000	44.68	-124.03	958
1110585600	44.68	-124.03	1768
1119225600	44.68	-124.03	750
1126742400	44.68	-124.03	682
1134086400	44.68	-124.03	1903
1150588800	44.68	-124.03	880
1158796800	44.68	-124.03	807
1173830400	44.68	-124.03	2051
1181433600	44.68	-124.03	977
1190332800	44.68	-124.03	606
1196726400	44.68	-124.03	1110
1205366400	44.68	-124.03	1707
1212364800	44.68	-124.03	1303
1221955200	44.68	-124.03	558
1228694400	44.68	-124.03	1493
992390400	44.31	-124.1	982
906645000	44.28	-124.11	1478
1032393600	44.22	-125.25	1076
898623300	44.13	-124.1	969
929404800	44.13	-124.1	871
874236360	43.97	-124.11	781
1032393600	43.95	-124.1	1075
1048377600	43.95	-124.1	2191
842259900	43.92	-124.1	761
850863000	43.92	-124.1	1667
921928380	43.92	-124.1	1891
866634000	43.35	-124.42	967
992390400	43.2	-124.2	971
1032393600	43.12	-124.18	1249
1063584000	42.84	-124.56	1003
1079740800	42.84	-124.56	1147
1086825600	42.84	-124.56	1060
1094342400	42.84	-124.56	1465
1102118400	42.84	-124.56	1522
1110672000	42.84	-124.56	1890
1119312000	42.84	-124.56	801
1126828800	42.84	-124.56	657
1134172800	42.84	-124.56	1278
1143158400	42.84	-124.56	2000
1150675200	42.84	-124.56	914
1158796800	42.84	-124.56	831
1166140800	42.84	-124.56	1671
1173830400	42.84	-124.56	2141
1196812800	42.84	-124.56	1230
1205452800	42.84	-124.56	1914
1212451200	42.84	-124.56	1103
1221955200	42.84	-124.56	550
1228780800	42.84	-124.56	1476
826987320	42.83	-124.6	1959
866580600	42.83	-124.6	734
890236800	42.83	-124.6	2105
906654900	42.83	-124.6	1276
913804800	42.83	-124.6	1898
953078400	42.83	-124.6	2090
961113600	42.83	-124.6	911
976665600	42.83	-124.6	1743
984096000	42.83	-124.6	2032
992390400	42.83	-124.6	929
1008460800	42.83	-124.6	1366
1017100800	42.83	-124.6	1726
1024358400	42.83	-124.6	881
1039651200	42.83	-124.6	1605
1048377600	42.83	-124.6	2144
1055808000	42.83	-124.6	894
1181520000	42.83	-124.57	1049
1190419200	42.83	-124.57	763
1000684800	42.75	-124.5	750
1000684800	42.27	-124.3	812
921945960	42.11	-124.35	1979
850837680	42	-127.28	1338
898602000	42	-127.28	969
1032307200	42	-127.28	1205
859132800	41.75	-124.2	1637
992476800	41.75	-124.2	997
882441000	41.53	-124.03	1739
906721200	41.53	-124.03	1353
953078400	41.53	-124.03	1984
1063584000	41.53	-124.03	1027
937353600	41.28	-124.07	979
984096000	41.28	-124.07	1971
929664000	41.13	-124.16	823
968803200	41.05	-124.15	568
1119312000	41.05	-124.15	651
835282740	40.78	-124.15	977
874261800	40.78	-124.18	830
921845220	40.42	-124.42	1710
968889600	40.42	-124.42	573
976752000	40.42	-124.42	1756
922025160	40.02	-124.07	2111
1032307200	39.68	-123.45	743
953164800	39.49	-123.54	2036
1008547200	39.49	-123.54	1604
1024444800	39.49	-123.54	918
1055894400	39.49	-123.54	742
1071792000	39.49	-123.54	1525
1086825600	39.49	-123.54	1045
1110672000	39.49	-123.54	1546
1119312000	39.49	-123.54	593
1134259200	39.49	-123.54	1380
1143072000	39.49	-123.54	1887
1159315200	39.49	-123.54	965
1173916800	39.49	-123.54	2025
1181520000	39.49	-123.54	1005
1205452800	39.49	-123.54	1901
1212451200	39.49	-123.54	1090
1222041600	39.49	-123.54	564
827071320	39.43	-123.8	1951
835215480	39.43	-123.8	1004
898523100	39.43	-123.8	1091
1150761600	39.37	-123.8	930
882458700	39.31	-123.8	1688
944524800	39.31	-123.8	1635
835198020	38.95	-123.68	1021
842360700	38.95	-123.68	778
906806100	38.95	-123.68	1881
906806100	38.95	-123.68	2056
914068800	38.95	-123.68	2084
968889600	38.95	-123.68	539
976752000	38.95	-123.68	1782
992476800	38.95	-123.68	881
1008633600	38.95	-123.68	1512
1017187200	38.95	-123.68	1964
1024444800	38.95	-123.68	873
1039737600	38.95	-123.68	1309
1063670400	38.95	-123.68	941
1094342400	38.95	-123.68	1020
1110758400	38.95	-123.68	1860
1000771200	38.55	-123.42	623
1048550400	38.55	-123.42	1893
1079654400	38.55	-123.42	1837
1190419200	38.55	-123.42	753
898447500	38.53	-123.5	1084
866463900	38.51	-123.24	794
1032134400	38.47	-122.68	535
827088420	38.33	-123.05	1861
859133700	38.33	-123.05	1837
961200000	38.33	-123.05	876
961200000	38.33	-123.05	946
976838400	38.33	-123.05	1581
866309700	37.99	-123.02	892
953251200	37.99	-123.02	2088
992476800	37.99	-123.02	884
1008633600	37.99	-123.02	1553
1017187200	37.99	-123.02	1922
1024444800	37.99	-123.02	836
1039737600	37.99	-123.02	1238
1048550400	37.99	-123.02	1850
1055894400	37.99	-123.02	917
1063670400	37.99	-123.02	899
1071878400	37.99	-123.02	1448
1079654400	37.99	-123.02	1811
1086912000	37.99	-123.02	1053
1094428800	37.99	-123.02	971
1110672000	37.99	-123.02	1964
1119398400	37.99	-123.02	774
1126915200	37.99	-123.02	616
1134259200	37.99	-123.02	1283
1143072000	37.99	-123.02	1966
1150761600	37.99	-123.02	946
1173916800	37.99	-123.02	1949
1181606400	37.99	-123.02	945
1190419200	37.99	-123.02	787
1196899200	37.99	-123.02	1192
1205539200	37.99	-123.02	1903
1212537600	37.99	-123.02	1230
1222041600	37.99	-123.02	595
874347300	37.89	-122.8	781
898428600	37.89	-122.8	1410
929491200	37.78	-122.42	886
937440000	37.61	-122.48	737
890390700	37.33	-122.38	2219
914151600	37.33	-122.38	2154
890401500	37.27	-122.42	2026
1032134400	37.27	-122.42	831
859025220	37.17	-122.5	1803
944697600	37.17	-122.5	2020
898357500	37.16	-122.72	940
914160600	36.97	-122.02	2069
866383200	36.95	-122.07	783
1017273600	36.88	-121.77	1683
1017273600	36.88	-121.77	1712
859016700	36.84	-121.75	1773
866374500	36.84	-121.75	869
890458200	36.62	-121.92	1879
890501400	36.62	-121.92	1488
922127400	36.62	-121.92	2015
1017273600	36.62	-121.92	1646
984182400	36.33	-121.55	1930
827163060	36.31	-121.83	1898
842447700	36.31	-121.83	703
890415900	36.31	-121.83	1660
1048636800	36.31	-121.83	1547
835107780	36.15	-121.48	1047
937440000	36.15	-121.48	693
953337600	36.15	-121.48	1916
968976000	36.15	-121.48	424
976838400	36.15	-121.48	1460
976838400	36.15	-121.48	1843
984182400	36.15	-121.48	1900
1063756800	36.15	-121.48	962
1071964800	36.15	-121.48	1700
1079740800	36.15	-121.48	1937
1086998400	36.15	-121.48	989
1119484800	36.15	-121.48	709
1126915200	36.15	-121.48	623
1143417600	36.15	-121.48	1950
1174003200	36.15	-121.48	1983
1181779200	36.15	-121.48	806
1190592000	36.15	-121.48	876
1196899200	36.15	-121.48	1113
1205625600	36.15	-121.48	1920
1212624000	36.15	-121.48	1260
1017273600	36.1	-121.5	1744
1024531200	36.1	-121.5	863
1039824000	36.1	-121.5	1474
1039824000	36.1	-121.5	1566
1039910400	36.1	-121.5	2219
1055980800	36.1	-121.5	1174
835099260	36	-121.5	1039
984182400	36	-121.5	1959
842456460	35.75	-121.33	679
906892200	35.75	-121.33	1758
922206060	35.75	-121.33	2102
944697600	35.75	-121.33	1549
944784000	35.75	-121.33	1810
961372800	35.75	-121.33	692
961459200	35.75	-121.33	797
1190592000	35.75	-121.33	878
953424000	35.65	-121.19	1983
976924800	35.65	-121.19	2182
992563200	35.65	-121.19	854
992563200	35.65	-121.19	879
1017360000	35.65	-121.19	1872
1024531200	35.65	-121.19	862
1024617600	35.65	-121.19	906
1102291200	35.65	-121.19	1535
1102377600	35.65	-121.19	1467
835042320	35.64	-121.18	1063
866305800	35.64	-121.18	932
898336200	35.64	-121.18	1151
914771400	35.64	-121.18	2124
968976000	35.64	-121.18	421
969062400	35.64	-121.18	595
1063756800	35.64	-121.18	919
1079049600	35.64	-121.18	1709
1079740800	35.64	-121.18	2260
1086998400	35.64	-121.18	986
1094515200	35.64	-121.18	860
1094601600	35.64	-121.18	853
1000857600	35.59	-120.19	617
874482300	35.5	-120.85	791
937440000	35.43	-120.53	742
1000857600	35.43	-120.53	658
1048636800	35.43	-120.53	1453
1055721600	35.43	-120.53	1180
1056067200	35.43	-120.53	1163
1119484800	35.43	-120.53	715
1127001600	35.43	-120.53	742
1127088000	35.43	-120.53	717
1142899200	35.43	-120.53	2111
1181779200	35.43	-120.53	923
1181779200	35.43	-120.53	932
1190592000	35.43	-120.53	880
1196985600	35.43	-120.53	1213
1205625600	35.43	-120.53	1879
1212624000	35.43	-120.53	1145
1212710400	35.43	-120.53	1242
1032134400	35.37	-120.87	599
1048723200	35.37	-120.85	1961
1063756800	35.34	-120.81	913
842461800	35.32	-120.83	669
842521500	35.32	-120.83	847
906919980	35.32	-120.83	1547
906978900	35.32	-120.83	1774
906979020	35.32	-120.83	1601
961372800	35.32	-120.83	790
961459200	35.32	-120.83	914
961459200	35.32	-120.83	980
961545600	35.32	-120.83	628
858943800	35.18	-120.73	1713
898272240	34.68	-120.48	946
976924800	34.51	-120.3	1980
1017360000	34.51	-120.3	1881
1024617600	34.51	-120.3	920
1039910400	34.51	-120.3	2241
1048723200	34.51	-120.3	1942
1056067200	34.51	-120.3	1105
1127001600	34.51	-120.3	688
1142899200	34.51	-120.3	2306
1159056000	34.51	-120.3	1047
1196985600	34.51	-120.3	1214
1196985600	34.51	-120.3	1183
1212710400	34.51	-120.3	1094
1229040000	34.51	-120.3	1287
1017360000	34.47	-120.13	1771
1009670400	34.2	-110.19	1331
1009670400	34.2	-110.19	1358
1064102400	33.34	-118.33	942
1064188800	33.34	-118.33	1056
889971480	31.92	-116.83	1821
827492700	31.87	-116.62	1321
890057400	31.67	-116.67	1663
897674280	31.67	-116.67	1192
827422200	31.33	-116.42	1531
890137800	31.33	-116.42	1560
890137800	31.33	-116.42	1638
834934020	31.13	-116.33	1097
842264400	31.13	-116.33	867
842344200	31.13	-116.33	794
859122000	31.13	-116.33	1417
897830400	30.67	-116.05	1069
953251200	30.4	-115.54	1459
953337600	30.4	-115.54	1487
999734400	30.4	-115.54	527
999820800	30.4	-115.54	636
1008547200	30.4	-115.54	1633
1015891200	30.4	-115.54	1833
1015891200	30.4	-115.54	1955
1015891200	30.4	-115.54	2117
1024444800	30.4	-115.54	722
1024531200	30.4	-115.54	947
1031788800	30.4	-115.54	838
1031875200	30.4	-115.54	962
1040083200	30.4	-115.54	1587
1040169600	30.4	-115.54	1613
1047340800	30.4	-115.54	1381
1047427200	30.4	-115.54	1472
1055980800	30.4	-115.54	1022
1056067200	30.4	-115.54	1096
1087603200	30.4	-115.54	671
1087689600	30.4	-115.54	768
1095465600	30.4	-115.54	556
1104364800	30.4	-115.54	1565
1104364800	30.4	-115.54	1502
1104364800	30.4	-115.54	1584
1104364800	30.4	-115.54	1491
1182211200	30.4	-115.54	761
1190851200	30.4	-115.54	934
1221004800	30.4	-115.54	578
1221091200	30.4	-115.54	625
850209000	30.35	-116	1174
882100380	30.35	-116	1640
929577600	30.35	-116	825
969062400	30.35	-116	522
982972800	30.35	-116	1828
982972800	30.35	-116	1854
993254400	30.35	-116	550
1118620800	30.24	-115.55	625
1182211200	30.16	-115.48	818
993081600	30.1	-115.8	528
1095465600	30.08	-115.82	830
827431200	30.02	-115.67	1481
834833700	30.02	-115.67	1079
897759900	30.02	-115.67	1081
1125878400	30.02	-115.67	870
1125878400	30.02	-115.67	629
1142985600	30.02	-115.67	2055
1150761600	30.02	-115.67	726
1158451200	30.02	-115.67	761
1158451200	30.02	-115.67	1210
859224600	29.94	-115.83	1627
866646900	29.94	-115.83	839
874256400	29.94	-115.83	808
882108300	29.94	-115.83	1682
905886000	29.94	-115.83	869
905886000	29.94	-115.83	934
905965200	29.94	-115.83	947
905965200	29.94	-115.83	983
913896000	29.94	-115.83	1929
913969800	29.94	-115.83	1930
913969800	29.94	-115.83	1966
921951780	29.94	-115.83	1673
922210200	29.94	-115.83	1566
929750400	29.94	-115.83	915
936748800	29.94	-115.83	804
937612800	29.94	-115.83	859
945302400	29.94	-115.83	1437
953251200	29.94	-115.83	1364
961113600	29.94	-115.83	654
961200000	29.94	-115.83	664
961200000	29.94	-115.83	667
993168000	29.94	-115.83	422
993168000	29.94	-115.83	432
999734400	29.94	-115.83	534
999820800	29.94	-115.83	501
1008547200	29.94	-115.83	1626
1015891200	29.94	-115.83	1935
1024444800	29.94	-115.83	717
1024531200	29.94	-115.83	982
1031788800	29.94	-115.83	978
1031875200	29.94	-115.83	1033
1040083200	29.94	-115.83	1476
1040169600	29.94	-115.83	1670
1047427200	29.94	-115.83	1431
1047427200	29.94	-115.83	1378
1047427200	29.94	-115.83	1363
1056067200	29.94	-115.83	1116
1056067200	29.94	-115.83	1084
1056067200	29.94	-115.83	1061
1063929600	29.94	-115.83	871
1063929600	29.94	-115.83	886
1079395200	29.94	-115.83	1788
1079395200	29.94	-115.83	1686
1079395200	29.94	-115.83	1677
1079395200	29.94	-115.83	1607
1079395200	29.94	-115.83	1600
1087603200	29.94	-115.83	652
1087603200	29.94	-115.83	647
1087603200	29.94	-115.83	621
1095465600	29.94	-115.83	722
1095465600	29.94	-115.83	691
1110844800	29.94	-115.83	1601
1110844800	29.94	-115.83	1520
1118620800	29.94	-115.83	792
1118620800	29.94	-115.83	804
1118620800	29.94	-115.83	774
1118620800	29.94	-115.83	768
1125878400	29.94	-115.83	807
1125878400	29.94	-115.83	777
1142985600	29.94	-115.83	2038
1151452800	29.94	-115.83	711
1167350400	29.94	-115.83	1288
1173657600	29.94	-115.83	1326
1182211200	29.94	-115.83	759
1190764800	29.94	-115.83	805
1205280000	29.94	-115.83	1504
1212796800	29.94	-115.83	976
1212796800	29.94	-115.83	914
1212883200	29.94	-115.83	1094
1212883200	29.94	-115.83	990
1221091200	29.94	-115.83	637
1221091200	29.94	-115.83	544
1190764800	29.56	-115.48	850
921170700	23.44	-110.24	1679
921245400	23.44	-110.24	1779
929318400	23.44	-110.24	786
937267200	23.44	-110.24	438
944784000	23.44	-110.24	1180
945388800	23.44	-110.24	1123
945475200	23.44	-110.24	1106
968889600	23.44	-110.24	315
968976000	23.44	-110.24	323
976752000	23.44	-110.24	1022
976838400	23.44	-110.24	1062
976924800	23.44	-110.24	1023
984268800	23.44	-110.24	1841
984268800	23.44	-110.24	2018
984355200	23.44	-110.24	1880
992390400	23.44	-110.24	659
992390400	23.44	-110.24	700
992476800	23.44	-110.24	590
992476800	23.44	-110.24	609
1000857600	23.44	-110.24	374
1000857600	23.44	-110.24	381
1000944000	23.44	-110.24	353
1000944000	23.44	-110.24	354
1008028800	23.44	-110.24	1462
1008115200	23.44	-110.24	1344
1008115200	23.44	-110.24	1354
1008288000	23.44	-110.24	1377
1015891200	23.44	-110.24	1282
1015977600	23.44	-110.24	1318
1015977600	23.44	-110.24	1367
1016064000	23.44	-110.24	1259
1024012800	23.44	-110.24	689
1024185600	23.44	-110.24	516
1024272000	23.44	-110.24	508
1024358400	23.44	-110.24	815
1031097600	23.44	-110.24	255
1031184000	23.44	-110.24	287
1031270400	23.44	-110.24	343
1031356800	23.44	-110.24	374
1039651200	23.44	-110.24	1612
1039651200	23.44	-110.24	1419
1039737600	23.44	-110.24	1473
1039824000	23.44	-110.24	1542
1046908800	23.44	-110.24	1263
1046995200	23.44	-110.24	1227
1046995200	23.44	-110.24	1177
1047168000	23.44	-110.24	1309
1055894400	23.44	-110.24	865
1055894400	23.44	-110.24	685
1055980800	23.44	-110.24	877
1055980800	23.44	-110.24	894
1062374400	23.44	-110.24	501
1062374400	23.44	-110.24	448
1062547200	23.44	-110.24	376
1062547200	23.44	-110.24	385
1071619200	23.44	-110.24	1094
1071705600	23.44	-110.24	1111
1071705600	23.44	-110.24	1120
1079740800	23.44	-110.24	947
1079827200	23.44	-110.24	714
1087862400	23.44	-110.24	904
1087948800	23.44	-110.24	601
1095206400	23.44	-110.24	588
1095292800	23.44	-110.24	584
1102550400	23.44	-110.24	1154
1111363200	23.44	-110.24	1413
1111363200	23.44	-110.24	1396
1111449600	23.44	-110.24	1715
1119225600	23.44	-110.24	651
1119312000	23.44	-110.24	672
1126742400	23.44	-110.24	574
1134518400	23.44	-110.24	939
1134604800	23.44	-110.24	1062
1143244800	23.44	-110.24	1555
1143331200	23.44	-110.24	1656
1143331200	23.44	-110.24	1439
1150502400	23.44	-110.24	510
1158278400	23.44	-110.24	585
1158364800	23.44	-110.24	473
1174608000	23.44	-110.24	1505
1181779200	23.44	-110.24	500
1181779200	23.44	-110.24	509
1190505600	23.44	-110.24	375
1190505600	23.44	-110.24	361
1196985600	23.44	-110.24	588
1213228800	23.44	-110.24	624
1213228800	23.44	-110.24	643
1221004800	23.44	-110.24	419
1221091200	23.44	-110.24	373
1228608000	23.44	-110.24	795
1228780800	23.44	-110.24	878
1205539200	23.39	-110.14	1146
1205625600	23.39	-110.14	1676
913819500	23	-110	1617
826903680	22.87	-109.54	1671
826992900	22.87	-109.54	1787
827059020	22.87	-109.54	1749
834865200	22.87	-109.54	906
834940800	22.87	-109.54	826
835034400	22.87	-109.54	831
835099200	22.87	-109.54	877
842212500	22.87	-109.54	435
842313600	22.87	-109.54	360
842358780	22.87	-109.54	443
850232880	22.87	-109.54	780
850310160	22.87	-109.54	834
850395060	22.87	-109.54	848
850470600	22.87	-109.54	879
858963600	22.87	-109.54	609
866817600	22.87	-109.54	652
866910600	22.87	-109.54	448
874410900	22.87	-109.54	417
874497900	22.87	-109.54	408
874609200	22.87	-109.54	477
882100800	22.87	-109.54	1614
889970400	22.87	-109.54	1786
890051700	22.87	-109.54	1523
890148900	22.87	-109.54	1725
890220300	22.87	-109.54	1152
898185120	22.87	-109.54	840
898258500	22.87	-109.54	688
905353800	22.87	-109.54	489
905430600	22.87	-109.54	799
905518800	22.87	-109.54	551
929318400	22.87	-109.54	776
929404800	22.87	-109.54	627
929491200	22.87	-109.54	526
937353600	22.87	-109.54	452
937353600	22.87	-109.54	641
937526400	22.87	-109.54	681
954028800	22.87	-109.54	1535
954115200	22.87	-109.54	1599
954201600	22.87	-109.54	784
1071619200	22.87	-109.54	1124
1071705600	22.87	-109.54	1161
1079740800	22.87	-109.54	775
1087776000	22.87	-109.54	545
1087948800	22.87	-109.54	623
1088035200	22.87	-109.54	597
1095292800	22.87	-109.54	468
1095379200	22.87	-109.54	507
1102464000	22.87	-109.54	1260
1102550400	22.87	-109.54	1178
1102636800	22.87	-109.54	1409
1111449600	22.87	-109.54	1748
1119225600	22.87	-109.54	602
1119312000	22.87	-109.54	623
1126742400	22.87	-109.54	402
1126828800	22.87	-109.54	545
1134518400	22.87	-109.54	723
1134604800	22.87	-109.54	1021
1143158400	22.87	-109.54	1654
1158364800	22.87	-109.54	489
1165276800	22.87	-109.54	1168
1174608000	22.87	-109.54	1458
1174780800	22.87	-109.54	1290
1181865600	22.87	-109.54	552
1190419200	22.87	-109.54	326
1196985600	22.87	-109.54	556
1197072000	22.87	-109.54	548
1205625600	22.87	-109.54	1679
1220918400	22.87	-109.54	298
1221004800	22.87	-109.54	378
906730260	22.23	-159.57	686
906817140	22.23	-159.57	823
906898680	22.23	-159.57	838
906990360	22.23	-159.57	1048
930528000	22.23	-159.57	567
930700800	22.23	-159.57	683
938563200	22.23	-159.57	402
938563200	22.23	-159.57	409
938563200	22.23	-159.57	706
946166400	22.23	-159.57	1346
874767600	22.15	-159.32	538
874844100	22.15	-159.32	587
882972000	22.15	-159.32	915
883049400	22.15	-159.32	1342
890925600	22.15	-159.32	1676
890993400	22.15	-159.32	1609
891094200	22.15	-159.32	1467
891156000	22.15	-159.32	1268
898795200	22.15	-159.32	835
898855200	22.15	-159.32	696
898946400	22.15	-159.32	804
899024400	22.15	-159.32	656
914833800	22.15	-159.32	1241
914833800	22.15	-159.32	1243
914860800	22.15	-159.32	1227
914921400	22.15	-159.32	1213
914921400	22.15	-159.32	1243
922466100	22.15	-159.32	1413
922469400	22.15	-159.32	1391
922540140	22.15	-159.32	1280
922618800	22.15	-159.32	1484
954288000	22.15	-159.32	1480
962064000	22.15	-159.32	487
962150400	22.15	-159.32	427
977097600	22.15	-159.32	736
977270400	22.15	-159.32	1148
977270400	22.15	-159.32	1234
954374400	21.98	-159.38	1436
961459200	21.98	-159.38	481
1080086400	21.7	-158	1024
1119312000	21.6	-157.9	685
1119312000	21.6	-157.9	678
1119398400	21.6	-157.9	651
867085200	21.59	-157.53	552
866916900	21.4	-157.78	661
827841600	21.32	-157.87	1863
827917200	21.32	-157.87	1622
833898600	21.3	-158	662
849787200	21.3	-158	988
850396800	21.3	-158	712
851171400	21.3	-158	596
866905200	21.3	-158	718
1221782400	21.29	-157.58	421
1221782400	21.29	-157.58	395
1221868800	21.29	-157.58	387
1221868800	21.29	-157.58	391
833981400	21.28	-157.82	656
1080172800	21.1	-156.36	522
1080259200	21.1	-156.36	604
1080345600	21.1	-156.36	718
1080432000	21.1	-156.36	731
922875300	20.9	-156.22	1575
914423400	20.62	-156.43	1003
857572380	20.27	-155.85	1088
828028800	20.26	-155.86	1353
828094800	20.26	-155.86	1233
828124200	20.26	-155.86	1287
851330700	20.26	-155.86	605
890634600	20.26	-155.86	1672
890746200	20.26	-155.86	1681
890810400	20.26	-155.86	1851
898599600	20.26	-155.86	678
898615800	20.26	-155.86	730
898671600	20.26	-155.86	720
898756200	20.26	-155.86	872
930441600	20.26	-155.86	495
938304000	20.26	-155.86	432
938390400	20.26	-155.86	448
961977600	20.26	-155.86	438
962150400	20.26	-155.86	477
969667200	20.26	-155.86	367
969840000	20.26	-155.86	324
993254400	20.26	-155.86	432
1031270400	20.26	-155.86	417
1031356800	20.26	-155.86	418
1031356800	20.26	-155.86	572
1039219200	20.26	-155.86	1567
1039219200	20.26	-155.86	1486
1039305600	20.26	-155.86	1612
1046822400	20.26	-155.86	1447
1046822400	20.26	-155.86	1546
1046908800	20.26	-155.86	1176
1056240000	20.26	-155.86	500
1056326400	20.26	-155.86	814
1056326400	20.26	-155.86	837
1062806400	20.26	-155.86	504
1062806400	20.26	-155.86	488
1062892800	20.26	-155.86	547
1062892800	20.26	-155.86	543
1070496000	20.26	-155.86	679
1070496000	20.26	-155.86	600
1070582400	20.26	-155.86	588
1070582400	20.26	-155.86	605
1087603200	20.26	-155.86	419
1087603200	20.26	-155.86	434
1087689600	20.26	-155.86	465
1087776000	20.26	-155.86	476
1096156800	20.26	-155.86	580
1096156800	20.26	-155.86	582
1096156800	20.26	-155.86	563
1102636800	20.26	-155.86	1398
1102636800	20.26	-155.86	1351
1102723200	20.26	-155.86	1118
1102896000	20.26	-155.86	1043
1111104000	20.26	-155.86	1160
1111190400	20.26	-155.86	1048
1111276800	20.26	-155.86	984
1111276800	20.26	-155.86	1087
1126656000	20.26	-155.86	304
1126656000	20.26	-155.86	301
1126742400	20.26	-155.86	378
1126742400	20.26	-155.86	401
1134172800	20.26	-155.86	864
1134172800	20.26	-155.86	855
1134259200	20.26	-155.86	801
1134259200	20.26	-155.86	784
1142640000	20.26	-155.86	857
1142726400	20.26	-155.86	917
1142726400	20.26	-155.86	924
1142812800	20.26	-155.86	944
1151107200	20.26	-155.86	522
1151193600	20.26	-155.86	426
1151193600	20.26	-155.86	401
1159142400	20.26	-155.86	436
1159142400	20.26	-155.86	434
1159228800	20.26	-155.86	430
1165708800	20.26	-155.86	1107
1165881600	20.26	-155.86	599
1174608000	20.26	-155.86	1450
1174780800	20.26	-155.86	1025
1174867200	20.26	-155.86	1083
1180828800	20.26	-155.86	578
1180828800	20.26	-155.86	577
1189468800	20.26	-155.86	382
1189468800	20.26	-155.86	368
1189555200	20.26	-155.86	460
1189555200	20.26	-155.86	448
1197244800	20.26	-155.86	630
1197331200	20.26	-155.86	739
1204848000	20.26	-155.86	1201
1204848000	20.26	-155.86	1220
1204934400	20.26	-155.86	1073
1204934400	20.26	-155.86	1086
1213142400	20.26	-155.86	802
1213142400	20.26	-155.86	742
1213228800	20.26	-155.86	735
1213228800	20.26	-155.86	715
1228608000	20.26	-155.86	851
1228694400	20.26	-155.86	876
882720000	20.2	-155.78	1286
906550980	20.2	-155.78	745
954115200	20.2	-155.78	1230
1008028800	20.2	-155.78	1156
1008028800	20.2	-155.78	1158
1008028800	20.2	-155.78	1333
1023408000	20.2	-155.78	516
1023494400	20.2	-155.78	540
1023494400	20.2	-155.78	565
1056240000	20.2	-155.78	808
938390400	20.08	-155.47	473
906574800	19.73	-155.08	703
914585400	19.73	-155.08	1309
914585400	19.73	-155.08	1315
985737600	19.73	-155.08	1178
985737600	19.59	-155.14	1120
985824000	19.59	-155.14	1077
985824000	19.59	-155.14	1081
875023200	19.42	-155.92	362
882622800	19.42	-155.92	981
906652680	19.42	-155.92	626
914499000	19.42	-155.92	1053
914506200	19.42	-155.92	1148
922719600	19.42	-155.92	1339
922794900	19.42	-155.92	1171
922811400	19.42	-155.92	1148
930182400	19.42	-155.7	455
930441600	19.42	-155.7	477
938390400	19.42	-155.7	429
945475200	19.42	-155.7	900
945561600	19.42	-155.7	848
954115200	19.42	-155.7	1211
976838400	19.42	-155.7	909
976924800	19.42	-155.7	957
977011200	19.42	-155.7	878
857658000	19.4	-155.3	797
890501400	19.4	-155.3	1592
851094060	19.22	-155.87	589
851367600	19.22	-155.87	522
867103200	18.92	-155.68	487
875041200	18.92	-155.68	444
882802800	18.92	-155.68	1311
999302400	18.92	-155.68	320
999388800	18.92	-155.68	317
1015718400	18.92	-155.68	1082
1015804800	18.92	-155.68	1082
1015891200	18.92	-155.68	1062
826563600	15.2	145.75	1074
835445700	15.2	145.75	353
835448700	15.2	145.75	355
835448700	15.2	145.75	355
842263140	15.2	145.75	306
842272500	15.2	145.75	284
850030200	15.2	145.75	907
850116600	15.2	145.75	835
850820400	15.2	145.75	596
857984400	15.2	145.75	1003
857985300	15.2	145.75	999
865809000	15.2	145.75	463
873634500	15.2	145.75	306
873723600	15.2	145.75	308
873812700	15.2	145.75	273
881719200	15.2	145.75	823
889212600	15.2	145.75	1169
889276200	15.2	145.75	1312
897129000	15.2	145.75	593
906459300	15.2	145.75	436
913233600	15.2	145.75	926
921840000	15.2	145.75	769
921855600	15.2	145.75	458
936748800	15.2	145.75	302
944352000	15.2	145.75	618
944438400	15.2	145.75	720
944524800	15.2	145.75	750
952560000	15.2	145.75	820
952560000	15.2	145.75	1142
960249600	15.2	145.75	345
968025600	15.2	145.75	237
968025600	15.2	145.75	372
975628800	15.2	145.75	324
975628800	15.2	145.75	508
983145600	15.2	145.75	731
983232000	15.2	145.75	742
991872000	15.2	145.75	426
992131200	15.2	145.75	506
1008460800	15.2	145.75	1141
1008547200	15.2	145.75	1011
1016928000	15.2	145.75	878
1017014400	15.2	145.75	900
1024272000	15.2	145.75	374
1024358400	15.2	145.75	360
1032739200	15.2	145.75	577
1032825600	15.2	145.75	525
1048377600	15.2	145.75	562
1048377600	15.2	145.75	529
1056412800	15.2	145.75	376
1056412800	15.2	145.75	391
1064102400	15.2	145.75	298
1064102400	15.2	145.75	284
1071964800	15.2	145.75	916
1071964800	15.2	145.75	1074
1078963200	15.2	145.75	748
1079049600	15.2	145.75	865
1079136000	15.2	145.75	766
1086307200	15.2	145.75	351
1086307200	15.2	145.75	341
1094774400	15.2	145.75	228
1094774400	15.2	145.75	237
1101945600	15.2	145.75	536
1101945600	15.2	145.75	533
1110412800	15.2	145.75	1139
1110412800	15.2	145.75	1201
1118361600	15.2	145.75	270
1118448000	15.2	145.75	451
1118534400	15.2	145.75	432
1118534400	15.2	145.75	356
1125705600	15.2	145.75	201
1125705600	15.2	145.75	211
1133395200	15.2	145.75	510
1133395200	15.2	145.75	535
1141689600	15.2	145.75	960
1141689600	15.2	145.75	984
1149638400	15.2	145.75	377
1149724800	15.2	145.75	336
1157500800	15.2	145.75	593
1164931200	15.2	145.75	620
1164931200	15.2	145.75	594
1181606400	15.2	145.75	365
1181692800	15.2	145.75	367
1189900800	15.2	145.75	235
1189987200	15.2	145.75	310
1196380800	15.2	145.75	490
1196380800	15.2	145.75	498
1205539200	15.2	145.75	698
1205712000	15.2	145.75	631
1212451200	15.2	145.75	298
1212537600	15.2	145.75	304
1221177600	15.2	145.75	184
1228694400	15.2	145.75	861
826539300	14.17	145.2	1032
825945600	13.36	144.8	1041
826452000	13.36	144.8	1117
835189800	13.36	144.8	283
835197300	13.36	144.8	283
835359000	13.36	144.8	281
842020200	13.36	144.8	313
842114100	13.36	144.8	364
842366700	13.36	144.8	291
851112600	13.36	144.8	941
857729520	13.36	144.8	1082
857808000	13.36	144.8	997
857841600	13.36	144.8	1063
857899800	13.36	144.8	1003
865711800	13.36	144.8	431
865864800	13.36	144.8	505
865966500	13.36	144.8	470
873585000	13.36	144.8	438
881420400	13.36	144.8	904
881877600	13.36	144.8	746
889167000	13.36	144.8	1111
889720800	13.36	144.8	703
896958000	13.36	144.8	533
897556800	13.36	144.8	585
906819000	13.36	144.8	329
912857400	13.36	144.8	717
921756900	13.36	144.8	458
936576000	13.36	144.8	288
936576000	13.36	144.8	305
944265600	13.36	144.8	558
944956800	13.36	144.8	678
952128000	13.36	144.8	1437
960768000	13.36	144.8	473
960854400	13.36	144.8	301
960854400	13.36	144.8	464
968716800	13.36	144.8	307
976147200	13.36	144.8	345
976924800	13.36	144.8	762
977011200	13.36	144.8	786
983404800	13.36	144.8	830
983491200	13.36	144.8	790
983577600	13.36	144.8	821
983664000	13.36	144.8	804
991353600	13.36	144.8	349
991440000	13.36	144.8	329
1001116800	13.36	144.8	285
1001203200	13.36	144.8	283
1001289600	13.36	144.8	242
1001289600	13.36	144.8	273
1001289600	13.36	144.8	280
1008288000	13.36	144.8	1195
1017100800	13.36	144.8	901
1017100800	13.36	144.8	962
1024185600	13.36	144.8	399
1024185600	13.36	144.8	404
1032652800	13.36	144.8	556
1040083200	13.36	144.8	759
1040083200	13.36	144.8	769
1048204800	13.36	144.8	447
1048291200	13.36	144.8	577
1056153600	13.36	144.8	460
1056153600	13.36	144.8	452
1056240000	13.36	144.8	423
1056326400	13.36	144.8	421
1063929600	13.36	144.8	281
1064016000	13.36	144.8	279
1064016000	13.36	144.8	268
1071792000	13.36	144.8	574
1071878400	13.36	144.8	740
1078531200	13.36	144.8	846
1079222400	13.36	144.8	702
1086220800	13.36	144.8	329
1086393600	13.36	144.8	290
1086480000	13.36	144.8	387
1094688000	13.36	144.8	231
1094688000	13.36	144.8	263
1102032000	13.36	144.8	653
1102032000	13.36	144.8	663
1110499200	13.36	144.8	936
1110499200	13.36	144.8	1026
1117843200	13.36	144.8	496
1118275200	13.36	144.8	334
1118707200	13.36	144.8	385
1125532800	13.36	144.8	338
1125532800	13.36	144.8	318
1125619200	13.36	144.8	312
1125619200	13.36	144.8	220
1133481600	13.36	144.8	511
1133481600	13.36	144.8	523
1141948800	13.36	144.8	1012
1141948800	13.36	144.8	1023
1149465600	13.36	144.8	285
1149552000	13.36	144.8	311
1149638400	13.36	144.8	357
1149724800	13.36	144.8	352
1157414400	13.36	144.8	337
1157500800	13.36	144.8	287
1164931200	13.36	144.8	532
1165017600	13.36	144.8	605
1173657600	13.36	144.8	1450
1173744000	13.36	144.8	1346
1173830400	13.36	144.8	1263
1181520000	13.36	144.8	460
1189728000	13.36	144.8	248
1189814400	13.36	144.8	338
1196467200	13.36	144.8	554
1196467200	13.36	144.8	500
1205452800	13.36	144.8	501
1212537600	13.36	144.8	285
1212624000	13.36	144.8	285
1221264000	13.36	144.8	203
1229385600	13.36	144.8	767
985478400	10.02	166.01	659
1078617600	9.6	138.2	942
1078704000	9.6	138.2	1312
1078790400	9.6	138.2	1053
881503200	9.52	138.1	1007
881602200	9.52	138.1	881
881665200	9.52	138.1	1228
881764200	9.52	138.1	920
889353000	9.52	138.1	1122
889434600	9.52	138.1	895
889614000	9.52	138.1	591
890391000	9.52	138.1	611
897298200	9.52	138.1	563
897388500	9.52	138.1	614
906806700	9.52	138.1	316
906892200	9.52	138.1	335
907067400	9.52	138.1	334
907151160	9.52	138.1	323
912956400	9.52	138.1	811
913044600	9.52	138.1	739
913120200	9.52	138.1	647
913202100	9.52	138.1	716
921420600	9.52	138.1	386
921493500	9.52	138.1	498
921509820	9.52	138.1	464
921572820	9.52	138.1	546
928972800	9.52	138.1	319
929059200	9.52	138.1	332
929145600	9.52	138.1	424
929232000	9.52	138.1	311
936230400	9.52	138.1	262
937353600	9.52	138.1	241
944697600	9.52	138.1	559
944784000	9.52	138.1	589
944870400	9.52	138.1	581
952300800	9.52	138.1	409
952387200	9.52	138.1	468
968198400	9.52	138.1	272
968371200	9.52	138.1	398
975801600	9.52	138.1	256
975974400	9.52	138.1	332
976060800	9.52	138.1	537
991353600	9.52	138.1	322
991526400	9.52	138.1	303
991612800	9.52	138.1	341
991785600	9.52	138.1	358
1008633600	9.52	138.1	765
1008720000	9.52	138.1	749
1008806400	9.52	138.1	831
1017100800	9.52	138.1	755
1017187200	9.52	138.1	769
1017187200	9.52	138.1	811
1017273600	9.52	138.1	743
1024358400	9.52	138.1	323
1024444800	9.52	138.1	337
1024531200	9.52	138.1	314
1024531200	9.52	138.1	317
1032912000	9.52	138.1	679
1032912000	9.52	138.1	647
1032998400	9.52	138.1	444
1048032000	9.52	138.1	378
1048032000	9.52	138.1	380
1048118400	9.52	138.1	504
1048118400	9.52	138.1	481
1056585600	9.52	138.1	556
1063756800	9.52	138.1	295
1063756800	9.52	138.1	290
1063843200	9.52	138.1	351
1063843200	9.52	138.1	288
1071619200	9.52	138.1	688
1071619200	9.52	138.1	414
1071705600	9.52	138.1	458
1071705600	9.52	138.1	362
1078876800	9.52	138.1	749
1117929600	9.52	138.1	222
1118102400	9.52	138.1	258
1118188800	9.52	138.1	225
1118188800	9.52	138.1	234
1141862400	9.52	138.1	786
1141862400	9.52	138.1	823
874081800	9.08	167.33	287
945043200	9.08	167.33	611
985478400	8.45	171.03	552
1119139200	8.3	157.3	328
985478400	8.26	171.1	542
826715400	7.42	151.78	542
850298400	7.42	151.78	961
889788060	7.42	151.78	537
897645900	7.42	151.78	609
905335200	7.42	151.78	285
913371300	7.42	151.78	806
921346800	7.42	151.78	521
929318400	7.42	151.78	317
945043200	7.42	151.78	619
960940800	7.42	151.78	331
968803200	7.42	151.78	271
977097600	7.42	151.78	573
992131200	7.42	151.78	280
1008115200	7.42	151.78	586
1008201600	7.42	151.78	581
1032393600	7.42	151.78	440
1032480000	7.42	151.78	477
1095638400	7.42	151.78	267
1095638400	7.42	151.78	243
1095638400	7.42	151.78	291
1095638400	7.42	151.78	246
1102291200	7.42	151.78	726
1102291200	7.42	151.78	723
1102377600	7.42	151.78	784
1102377600	7.42	151.78	748
1110758400	7.42	151.78	427
1196726400	7.42	151.78	339
1197590400	7.42	151.78	337
826801500	7.05	171.23	469
835099800	7.05	171.23	301
842533800	7.05	171.23	301
850396500	7.05	171.23	811
866133000	7.05	171.23	459
882045000	7.05	171.23	764
882477000	7.05	171.23	672
889873200	7.05	171.23	618
890046000	7.05	171.23	574
906308160	7.05	171.23	380
914257800	7.05	171.23	656
953078400	7.05	171.23	604
961632000	7.05	171.23	376
977270400	7.05	171.23	530
978048000	7.05	171.23	421
985392000	7.05	171.23	586
992304000	7.05	171.23	377
992390400	7.05	171.23	245
993168000	7.05	171.23	306
1000425600	7.05	171.23	241
1000684800	7.05	171.23	235
1015891200	7.05	171.23	486
1015977600	7.05	171.23	453
1016668800	7.05	171.23	554
1016755200	7.05	171.23	660
1023235200	7.05	171.23	484
1023926400	7.05	171.23	435
1031616000	7.05	171.23	337
1032048000	7.05	171.23	282
1032393600	7.05	171.23	335
1039651200	7.05	171.23	578
1039737600	7.05	171.23	1067
1047168000	7.05	171.23	517
1047859200	7.05	171.23	570
1055635200	7.05	171.23	442
1055635200	7.05	171.23	363
1055635200	7.05	171.23	378
1055721600	7.05	171.23	446
1063065600	7.05	171.23	231
1063411200	7.05	171.23	281
1064102400	7.05	171.23	246
1070928000	7.05	171.23	453
1071273600	7.05	171.23	518
1071360000	7.05	171.23	484
1071446400	7.05	171.23	585
1080086400	7.05	171.23	436
1087430400	7.05	171.23	320
1087430400	7.05	171.23	333
1087516800	7.05	171.23	296
1087516800	7.05	171.23	306
1095897600	7.05	171.23	240
1095897600	7.05	171.23	232
1095984000	7.05	171.22	226
1095984000	7.05	171.22	238
1102291200	7.05	171.23	876
1102550400	7.05	171.23	722
1102636800	7.05	171.23	594
1102636800	7.05	171.23	651
1118793600	7.05	171.23	329
1118880000	7.05	171.23	333
1118966400	7.05	171.23	253
1126137600	7.05	171.23	329
1126137600	7.05	171.23	332
1126224000	7.05	171.23	357
1134000000	7.05	171.23	455
1134000000	7.05	171.23	473
1134086400	7.05	171.23	581
1134086400	7.05	171.23	472
1142467200	7.05	171.23	740
1142467200	7.05	171.23	581
1142553600	7.05	171.23	683
1142553600	7.05	171.23	645
1158019200	7.05	171.23	444
1174348800	7.05	171.23	450
1174435200	7.05	171.23	463
1174608000	7.05	171.23	531
1181088000	7.05	171.23	424
1181088000	7.05	171.23	466
1181088000	7.05	171.23	482
1181174400	7.05	171.23	375
1190332800	7.05	171.23	302
1190332800	7.05	171.23	306
1190332800	7.05	171.23	275
1190332800	7.05	171.23	288
1196985600	7.05	171.23	421
1205193600	7.05	171.23	493
1205193600	7.05	171.23	500
1205280000	7.05	171.23	488
1205280000	7.05	171.23	498
1213056000	7.05	171.23	352
1213056000	7.05	171.23	329
1213142400	7.05	171.23	334
1213142400	7.05	171.23	320
1221696000	7.05	171.23	220
1221696000	7.05	171.23	298
1221696000	7.05	171.23	223
1221782400	7.05	171.23	233
1228953600	7.05	171.23	561
1228953600	7.05	171.23	537
1229040000	7.05	171.23	646
1229040000	7.05	171.23	532
1229126400	7.05	171.23	597
826720200	6.92	158.25	390
835119600	6.92	158.25	320
850334400	6.92	158.25	510
858160800	6.92	158.25	527
858168000	6.92	158.25	546
866036700	6.92	158.25	428
889794000	6.92	158.25	526
897655800	6.92	158.25	585
905514900	6.92	158.25	231
913375800	6.92	158.25	570
921240000	6.92	158.25	492
921249000	6.92	158.25	452
922088400	6.92	158.25	634
922102200	6.92	158.25	677
929318400	6.92	158.25	312
937094400	6.92	158.25	271
938131200	6.92	158.25	282
944956800	6.92	158.25	612
945388800	6.92	158.25	677
952732800	6.92	158.25	646
952819200	6.92	158.25	564
960940800	6.92	158.25	325
968803200	6.92	158.25	200
984268800	6.92	158.25	779
984441600	6.92	158.25	708
984528000	6.92	158.25	698
985132800	6.92	158.25	636
992217600	6.92	158.25	257
1023926400	6.92	158.25	428
1024012800	6.92	158.25	442
1079740800	6.92	158.25	454
1079827200	6.92	158.25	447
1079913600	6.92	158.25	433
1087171200	6.92	158.25	251
1087257600	6.92	158.25	229
1087344000	6.92	158.25	244
1125705600	6.92	158.25	298
1125964800	6.92	158.25	283
1125964800	6.92	158.25	295
1142294400	6.92	158.25	870
1142294400	6.92	158.25	628
1142553600	6.92	158.25	574
1149897600	6.92	158.25	305
1149984000	6.92	158.25	375
1157673600	6.92	158.25	342
1157846400	6.92	158.25	240
1174176000	6.92	158.25	739
1181174400	6.92	158.25	422
1181260800	6.92	158.25	379
1181260800	6.92	158.25	389
1190073600	6.92	158.25	229
1190160000	6.92	158.25	274
1205366400	6.92	158.25	677
1205452800	6.92	158.25	528
1221436800	6.92	158.25	193
1221523200	6.92	158.25	227
1221523200	6.92	158.25	201
1221609600	6.92	158.25	448
1229126400	6.92	158.25	467
1229126400	6.92	158.25	471
1055808000	5.53	-162.06	374
1055808000	5.53	-162.06	371
1055894400	5.53	-162.06	353
1055980800	5.53	-162.06	352
826727400	5.32	162.98	411
842452200	5.32	162.98	262
850311000	5.32	162.98	451
858177000	5.32	162.98	556
858177000	5.32	162.98	610
866040000	5.32	162.98	396
874073700	5.32	162.98	665
889812000	5.32	162.98	710
897662700	5.32	162.98	691
905524320	5.32	162.98	261
913386600	5.32	162.98	494
938131200	5.32	162.98	277
945043200	5.32	162.98	602
952905600	5.32	162.98	501
960940800	5.32	162.98	341
968803200	5.32	162.98	206
977097600	5.32	162.98	509
985132800	5.32	162.98	571
992217600	5.32	162.98	298
1079913600	5.32	162.98	646
1080000000	5.32	162.98	458
1212883200	5.32	162.98	413
1212969600	5.32	162.98	323
1212969600	5.32	162.98	328
827069400	1.42	173	388
827418600	1.42	173	463
834837300	1.42	173	266
842717100	1.42	173	259
850759800	1.42	173	416
858591000	1.42	173	511
858607800	1.42	173	512
858672600	1.42	173	473
858965400	1.42	173	453
874578300	1.42	173	440
882441000	1.42	173	429
890407800	1.42	173	739
898165800	1.42	173	428
906050100	1.42	173	319
937526400	1.42	173	321
961459200	1.42	173	235
961545600	1.42	173	250
969235200	1.42	173	245
969321600	1.42	173	214
977184000	1.42	173	311
992563200	1.42	173	232
992649600	1.42	173	216
992822400	1.42	173	276
999907200	1.42	173	231
1016150400	1.42	173	441
1016236800	1.42	173	502
1016409600	1.42	173	433
1023321600	1.42	173	224
1023408000	1.42	173	218
1023494400	1.42	173	317
1023667200	1.42	173	266
1031961600	1.42	173	291
1047513600	1.42	173	526
1047513600	1.42	173	498
1047513600	1.42	173	494
1047513600	1.42	173	511
1055289600	1.42	173	252
1055462400	1.42	173	292
1150416000	1.42	173	267
1150588800	1.42	173	275
1158364800	1.42	173	294
1158624000	1.42	173	335
1158883200	1.42	173	234
1164844800	1.42	173	321
953596800	1.35	173.12	583
953683200	1.35	173.12	528
1063238400	1.21	172.55	223
1063238400	1.21	172.55	228
1063324800	1.21	172.55	233
1063324800	1.21	172.55	246
1071014400	1.21	172.55	269
1071100800	1.21	172.55	282
1071187200	1.21	172.55	267
1071360000	1.21	172.55	283
1071360000	1.21	172.55	282
1103328000	1.17	100.38	535
1103328000	1.17	100.38	492
1103414400	1.17	100.38	493
1103414400	1.17	100.38	489
882364200	0.23	173.42	582
882363000	0.18	174.35	490
1118966400	-0.5	166.9	194
1126483200	-0.5	169.99	253
922205400	-0.53	166.92	480
922269600	-0.53	166.92	532
922270680	-0.53	166.92	537
937267200	-0.53	166.92	279
937353600	-0.53	166.92	271
937872000	-0.53	166.92	276
937958400	-0.53	166.92	299
938044800	-0.53	166.92	287
945302400	-0.53	166.92	400
1228867200	-0.55	80.38	260
1228953600	-0.55	80.38	409
882282600	-0.67	174.35	449
913803600	-0.67	174.35	462
929750400	-0.67	174.35	308
945216000	-0.67	174.35	286
953337600	-0.67	174.35	447
953337600	-0.67	174.35	455
992822400	-0.67	174.35	227
992822400	-0.67	174.35	245
1016236800	-0.67	174.35	456
1204934400	-1.03	80.54	619
1197417600	-1.06	80.54	401
1204934400	-1.07	80.53	561
834660900	-1.33	174.83	323
834660900	-1.33	174.83	331
850986300	-1.33	174.83	430
850986360	-1.33	174.83	432
850994100	-1.33	176	436
866634300	-1.33	174.83	218
874490400	-1.33	174.83	310
890127000	-1.33	176	557
890299800	-1.33	176	554
898245000	-1.33	174.83	480
913912200	-1.33	174.83	393
913980000	-1.33	174.83	458
929750400	-1.33	176	258
945216000	-1.33	174.83	285
953337600	-1.33	174.83	474
953510400	-1.33	176	447
961372800	-1.33	176	237
961372800	-1.33	176	239
968976000	-1.33	174.83	233
977356800	-1.33	174.83	337
977356800	-1.33	174.83	345
977356800	-1.33	174.83	346
992822400	-1.33	174.83	227
999907200	-1.33	174.83	202
999907200	-1.33	174.83	308
1016236800	-1.33	174.83	447
1016236800	-1.33	174.83	452
1055376000	-1.33	174.83	251
850992000	-1.35	176.43	442
890301600	-1.35	176.43	533
953510400	-1.35	176.26	441
953510400	-1.35	176.26	449
961372800	-1.35	176.26	248
1164585600	-1.35	176.26	376
1188864000	-1.35	176.26	330
1189296000	-1.35	176.26	322
1189382400	-1.35	176.26	319
1189468800	-1.35	176.26	300
1189555200	-1.35	176.26	303
866638800	-1.5	174.83	309
842779200	-1.87	175.57	291
866629800	-1.87	175.57	260
874494000	-1.87	175.57	356
1086652800	-2.34	150.83	238
1086652800	-2.34	150.83	345
1086739200	-2.34	150.83	358
1095033600	-2.34	150.83	230
1095033600	-2.34	150.83	249
1095033600	-2.34	150.83	232
842954400	-2.5	175.98	321
874413600	-2.5	175.98	374
898254900	-2.5	175.98	482
906038100	-2.5	175.98	437
929577600	-2.5	175.98	293
968976000	-2.5	175.98	215
1031788800	-2.5	175.98	240
1079308800	-2.6	150.8	395
1079395200	-2.6	150.8	507
1079481600	-2.6	150.8	413
842956980	-2.63	176.82	266
874410000	-2.63	176.82	437
898252200	-2.63	176.82	478
898252260	-2.63	176.82	491
906039900	-2.63	176.82	240
1031788800	-2.63	176.82	236
1031788800	-2.63	176.82	242
1055376000	-2.63	176.82	230
1055376000	-2.63	176.82	242
1055376000	-2.63	176.82	238
1079568000	-4.3	152.4	502
1119139200	-8.1	156.9	234
1126310400	-8.2	156	443
1119139200	-8.3	157.3	253
827542800	-8.52	179.22	374
827568000	-8.52	179.22	383
827578800	-8.52	179.22	403
827584200	-8.52	179.22	393
827584200	-8.52	179.22	394
834248700	-8.52	179.22	224
834949500	-8.52	179.22	226
842628900	-8.52	179.22	275
842636100	-8.52	179.22	281
850482900	-8.52	179.22	272
850569780	-8.52	179.22	356
850678200	-8.52	179.22	373
866205000	-8.52	179.22	271
866231100	-8.52	179.22	251
866395800	-8.52	179.22	281
866571300	-8.52	179.22	236
874258200	-8.52	179.22	363
874315800	-8.52	179.22	383
882125100	-8.52	179.22	294
882172800	-8.52	179.22	305
890062800	-8.52	179.22	478
890126400	-8.52	179.22	368
897841200	-8.52	179.22	294
905618640	-8.52	179.22	288
905620500	-8.52	179.22	255
905676960	-8.52	179.22	256
914064300	-8.52	179.22	246
928627200	-8.52	179.22	232
928713600	-8.52	179.22	257
936662400	-8.52	179.22	302
936748800	-8.52	179.22	308
936835200	-8.52	179.22	341
944438400	-8.52	179.22	292
944611200	-8.52	179.22	320
952387200	-8.52	179.22	529
952473600	-8.52	179.22	391
952560000	-8.52	179.22	396
960163200	-8.52	179.22	326
960249600	-8.52	179.22	304
960336000	-8.52	179.22	291
960422400	-8.52	179.22	294
1007596800	-8.52	179.22	298
1007596800	-8.52	179.22	303
1126396800	-9.25	159.56	331
920803560	-9.43	159.95	363
920813820	-9.43	159.95	376
835099200	-14.23	170.56	223
835616580	-14.23	170.56	228
842355420	-14.23	170.56	336
843567240	-14.23	170.56	454
850654800	-14.23	170.56	291
850912140	-14.23	170.56	342
851250420	-14.23	170.56	198
858425700	-14.23	170.56	221
859382880	-14.23	170.56	204
865772220	-14.23	170.56	316
867066300	-14.23	170.56	272
873721140	-14.23	170.56	344
874323960	-14.23	170.56	291
875359980	-14.23	170.56	392
882187200	-14.23	170.56	279
882799860	-14.23	170.56	277
889543800	-14.23	170.56	138
890061600	-14.23	170.56	196
890661420	-14.23	170.56	154
897348600	-14.23	170.56	284
897876600	-14.23	170.56	277
898567800	-14.23	170.56	334
905255400	-14.23	170.56	345
913557600	-14.23	170.56	205
914946300	-14.23	170.56	283
921076680	-14.23	170.56	160
922205100	-14.23	170.56	304
922887300	-14.23	170.56	221
937440000	-14.23	170.56	303
944438400	-14.23	170.56	216
945043200	-14.23	170.56	238
945734400	-14.23	170.56	204
960854400	-14.23	170.56	219
962064000	-14.23	170.56	264
984009600	-14.23	170.56	331
985046400	-14.23	170.56	227
991785600	-14.23	170.56	188
992908800	-14.23	170.56	191
999648000	-14.23	170.56	314
1000771200	-14.23	170.56	367
1002067200	-14.23	170.56	252
1007769600	-14.23	170.56	238
1008288000	-14.23	170.56	194
1008720000	-14.23	170.56	175
1010016000	-14.23	170.56	313
1015891200	-14.23	170.56	348
1017100800	-14.23	170.56	269
1023235200	-14.23	170.56	196
1023667200	-14.23	170.56	211
1024358400	-14.23	170.56	223
1025049600	-14.23	170.56	233
1031184000	-14.23	170.56	238
1031616000	-14.23	170.56	283
1032220800	-14.23	170.56	333
1032825600	-14.23	170.56	346
1038873600	-14.23	170.56	243
1039564800	-14.23	170.56	219
1040083200	-14.23	170.56	238
1040688000	-14.23	170.56	189
1046908800	-14.23	170.56	267
1047340800	-14.23	170.56	270
1047945600	-14.23	170.56	268
1048723200	-14.23	170.56	247
1054771200	-14.23	170.56	227
1055203200	-14.23	170.56	239
1055980800	-14.23	170.56	225
1057104000	-14.23	170.56	245
1070236800	-14.23	170.56	224
1071100800	-14.23	170.56	238
1071446400	-14.23	170.56	208
1072396800	-14.23	170.56	170
1078444800	-14.23	170.56	152
1078790400	-14.23	170.56	239
1079395200	-14.23	170.56	276
1081296000	-14.23	170.56	147
1086220800	-14.23	170.56	175
1086825600	-14.23	170.56	184
1087344000	-14.23	170.56	196
1087776000	-14.23	170.56	242
1095033600	-14.23	170.56	275
1095724800	-14.23	170.56	265
1096416000	-14.23	170.56	232
1096848000	-14.23	170.56	254
1102982400	-14.23	170.56	180
1103760000	-14.23	170.56	162
1104192000	-14.23	170.56	151
1104883200	-14.23	170.56	230
1119225600	-14.23	170.56	189
1126569600	-14.23	170.56	245
1127260800	-14.23	170.56	281
1127865600	-14.23	170.56	310
1134000000	-14.23	170.56	217
1134432000	-14.23	170.56	200
1135036800	-14.23	170.56	272
1135814400	-14.23	170.56	243
1140998400	-14.23	170.56	188
1141603200	-14.23	170.56	176
1142380800	-14.23	170.56	293
1149724800	-14.23	170.56	200
1150243200	-14.23	170.56	208
1150848000	-14.23	170.56	250
1151452800	-14.23	170.56	230
1157932800	-14.23	170.56	306
1159142400	-14.23	170.56	343
1166140800	-14.23	170.56	207
1173225600	-14.23	170.56	331
1173830400	-14.23	170.56	295
1174608000	-14.23	170.56	289
1175040000	-14.23	170.56	299
1181779200	-14.23	170.56	216
1182384000	-14.23	170.56	190
1182470400	-14.23	170.56	234
1183766400	-14.23	170.56	217
1189036800	-14.23	170.56	295
1189641600	-14.23	170.56	265
1190678400	-14.23	170.56	290
1191369600	-14.23	170.56	291
1196208000	-14.23	170.56	201
1197504000	-14.23	170.56	193
1205280000	-14.23	170.56	252
1205798400	-14.23	170.56	162
1213228800	-14.23	170.56	193
1213920000	-14.23	170.56	191
1214438400	-14.23	170.56	259
1220400000	-14.23	170.56	228
1221091200	-14.23	170.56	339
1221696000	-14.23	170.56	237
1222300800	-14.23	170.56	230
1228348800	-14.23	170.56	168
1228694400	-14.23	170.56	185
1229558400	-14.23	170.56	289
1229990400	-14.23	170.56	196
1062547200	-14.25	170.56	288
1062547200	-14.25	170.56	217
1063670400	-14.25	170.56	232
1064534400	-14.25	170.56	329
1007769600	-16.92	145.77	301
1072483200	-17.5	-149.45	260
1007337600	-17.62	-149.45	268
1007424000	-17.62	-149.45	261
898873200	-18	178	352
898952400	-18	178	443
928800000	-18	178	250
937440000	-18	178	319
826156800	-21.23	-159.77	212
826221600	-21.23	-159.77	248
835405200	-21.23	-159.77	250
842016360	-21.23	-159.77	340
849867300	-21.23	-159.77	226
849870000	-21.23	-159.77	225
849931200	-21.23	-159.77	215
857638200	-21.23	-159.77	164
857658600	-21.23	-159.77	178
857757600	-21.23	-159.77	171
857805720	-21.23	-159.77	176
865503000	-21.23	-159.77	265
865531800	-21.23	-159.77	287
873370800	-21.23	-159.77	427
873450000	-21.23	-159.77	366
881347200	-21.23	-159.77	305
889116000	-21.23	-159.77	141
889179300	-21.23	-159.77	144
889240800	-21.23	-159.77	124
896961300	-21.23	-159.77	244
897039600	-21.23	-159.77	261
897124500	-21.23	-159.77	292
904832100	-21.23	-159.77	307
904893480	-21.23	-159.77	359
904931100	-21.23	-159.77	339
905017800	-21.23	-159.77	363
914509800	-21.23	-159.77	331
914535900	-21.23	-159.77	301
914583600	-21.23	-159.77	329
914583600	-21.23	-159.77	351
920935800	-21.23	-159.77	168
921007800	-21.23	-159.77	171
921049800	-21.23	-159.77	160
928800000	-21.23	-159.77	236
928886400	-21.23	-159.77	246
928972800	-21.23	-159.77	242
936921600	-21.23	-159.77	393
945907200	-21.23	-159.77	187
946080000	-21.23	-159.77	209
946166400	-21.23	-159.77	199
946252800	-21.23	-159.77	218
952732800	-21.23	-159.77	230
952732800	-21.23	-159.77	235
952819200	-21.23	-159.77	245
952819200	-21.23	-159.77	293
967852800	-21.23	-159.77	227
967939200	-21.23	-159.77	228
968112000	-21.23	-159.77	371
976147200	-21.23	-159.77	171
976320000	-21.23	-159.77	141
976406400	-21.23	-159.77	147
976492800	-21.23	-159.77	194
976579200	-21.23	-159.77	278
983664000	-21.23	-159.77	239
983750400	-21.23	-159.77	197
983836800	-21.23	-159.77	160
992390400	-21.23	-159.77	200
999561600	-21.23	-159.77	312
999648000	-21.23	-159.77	344
999648000	-21.23	-159.77	369
999820800	-21.23	-159.77	358
1008633600	-21.23	-159.77	203
1008633600	-21.23	-159.77	204
1008633600	-21.23	-159.77	257
1008720000	-21.23	-159.77	230
1016582400	-21.23	-159.77	213
1016582400	-21.23	-159.77	235
1016582400	-21.23	-159.77	258
1016668800	-21.23	-159.77	195
1024358400	-21.23	-159.77	259
1024358400	-21.23	-159.77	260
1024444800	-21.23	-159.77	259
1024444800	-21.23	-159.77	260
1030924800	-21.23	-159.77	262
1031011200	-21.23	-159.77	260
1031529600	-21.23	-159.77	264
1031529600	-21.23	-159.77	261
1040860800	-21.23	-159.77	176
1040947200	-21.23	-159.77	227
1041033600	-21.23	-159.77	205
1047340800	-21.23	-159.77	140
1047427200	-21.23	-159.77	311
1047427200	-21.23	-159.77	300
1047513600	-21.23	-159.77	295
1055030400	-21.23	-159.77	242
1055030400	-21.23	-159.77	252
1055116800	-21.23	-159.77	258
1055116800	-21.23	-159.77	253
1062979200	-21.23	-159.77	284
1063065600	-21.23	-159.77	215
1063152000	-21.23	-159.77	210
1063152000	-21.23	-159.77	222
1070755200	-21.23	-159.77	204
1070841600	-21.23	-159.77	229
1072396800	-21.23	-159.77	199
1078444800	-21.23	-159.77	230
1078444800	-21.23	-159.77	225
1078531200	-21.23	-159.77	310
1078617600	-21.23	-159.77	184
1086825600	-21.23	-159.77	172
1086912000	-21.23	-159.77	251
1086998400	-21.23	-159.77	233
1087084800	-21.23	-159.77	172
1095206400	-21.23	-159.77	299
1095292800	-21.23	-159.77	336
1095379200	-21.23	-159.77	317
1102377600	-21.23	-159.77	198
1102377600	-21.23	-159.77	191
1102464000	-21.23	-159.77	226
1102464000	-21.23	-159.77	231
1110758400	-21.23	-159.77	244
1110758400	-21.23	-159.77	246
1110758400	-21.23	-159.77	260
1118016000	-21.23	-159.77	210
1118102400	-21.23	-159.77	231
1118188800	-21.23	-159.77	228
1118188800	-21.23	-159.77	222
1126310400	-21.23	-159.77	322
1126396800	-21.23	-159.77	348
1126396800	-21.23	-159.77	357
1126483200	-21.23	-159.77	372
1133740800	-21.23	-159.77	237
1133827200	-21.23	-159.77	272
1133827200	-21.23	-159.77	339
1133913600	-21.23	-159.77	228
1142208000	-21.23	-159.77	203
1142294400	-21.23	-159.77	191
1142294400	-21.23	-159.77	181
1142380800	-21.23	-159.77	203
1150070400	-21.23	-159.77	203
1166227200	-21.23	-159.77	290
1174694400	-21.23	-159.77	191
1174780800	-21.23	-159.77	203
1174780800	-21.23	-159.77	171
1174867200	-21.23	-159.77	161
1181001600	-21.23	-159.77	234
1181088000	-21.23	-159.77	257
1181174400	-21.23	-159.77	200
1188777600	-21.23	-159.77	312
1188864000	-21.23	-159.77	328
1188950400	-21.23	-159.77	335
1189036800	-21.23	-159.77	338
1197590400	-21.23	-159.77	211
1197676800	-21.23	-159.77	204
1197763200	-21.23	-159.77	270
1197849600	-21.23	-159.77	185
1205280000	-21.23	-159.77	225
1205452800	-21.23	-159.77	140
1205539200	-21.23	-159.77	133
1205625600	-21.23	-159.77	200
1205712000	-21.23	-159.77	196
1213056000	-21.23	-159.77	187
1213315200	-21.23	-159.77	235
1220313600	-21.23	-159.77	286
1220918400	-21.23	-159.77	302
1220918400	-21.23	-159.77	293
1228780800	-21.23	-159.77	235
1228867200	-21.23	-159.77	204
1052352000	-29.02	167.95	223
1053561600	-29.02	167.95	249
1054252800	-29.02	167.95	250
1054339200	-29.02	167.95	248
1055116800	-29.02	167.95	223
1055462400	-29.02	167.95	264
1056326400	-29.02	167.95	230
1056672000	-29.02	167.95	227
1057449600	-29.02	167.95	255
1058054400	-29.02	167.95	451
1058486400	-29.02	167.95	321
1059264000	-29.02	167.95	345
1061078400	-29.02	167.95	322
1061596800	-29.02	167.95	318
1062201600	-29.02	167.95	298
1062979200	-29.02	167.95	295
1063065600	-29.02	167.95	597
1064102400	-29.02	167.95	344
1064707200	-29.02	167.95	341
1064966400	-29.02	167.95	338
1065657600	-29.02	167.95	370
1066089600	-29.02	167.95	308
1066608000	-29.02	167.95	361
1067299200	-29.02	167.95	320
1068681600	-29.02	167.95	253
1068768000	-29.02	167.95	282
1069718400	-29.02	167.95	243
1070150400	-29.02	167.95	225
1071360000	-29.02	167.95	193
1071619200	-29.02	167.95	199
1072656000	-29.02	167.95	215
1073001600	-29.02	167.95	151
1073779200	-29.02	167.95	122
1074643200	-29.02	167.95	134
1075852800	-29.02	167.95	119
1076457600	-29.02	167.95	112
1078012800	-29.02	167.95	118
1078272000	-29.02	167.95	175
1078790400	-29.02	167.95	132
1079568000	-29.02	167.95	245
1080259200	-29.02	167.95	151
1081641600	-29.02	167.95	155
1082505600	-29.02	167.95	213
1082937600	-29.02	167.95	159
1083110400	-29.02	167.95	199
1083801600	-29.02	167.95	177
1084492800	-29.02	167.95	256
1085961600	-29.02	167.95	195
1086825600	-29.02	167.95	319
1087171200	-29.02	167.95	257
1087171200	-29.02	167.95	273
1088208000	-29.02	167.95	272
1088553600	-29.02	167.95	254
1090886400	-29.02	167.95	255
1091232000	-29.02	167.95	288
1092096000	-29.02	167.95	317
1093305600	-29.02	167.95	299
1093651200	-29.02	167.95	343
1093737600	-29.02	167.95	357
1094601600	-29.02	167.95	314
1095033600	-29.02	167.95	301
1095465600	-29.02	167.95	350
1096329600	-29.02	167.95	297
1096848000	-29.02	167.95	347
1097712000	-29.02	167.95	293
1099094400	-29.02	167.95	317
1099526400	-29.02	167.95	294
1100908800	-29.02	167.95	273
1101772800	-29.02	167.95	243
1102291200	-29.02	167.95	249
1102636800	-29.02	167.95	400
1102896000	-29.02	167.95	178
1104019200	-29.02	167.95	155
1104105600	-29.02	167.95	157
1104451200	-29.02	167.95	171
1105142400	-29.02	167.95	122
1105660800	-29.02	167.95	142
1106956800	-29.02	167.95	129
1107043200	-29.02	167.95	142
1108425600	-29.02	167.95	113
1110067200	-29.02	167.95	109
1110844800	-29.02	167.95	132
1111536000	-29.02	167.95	122
1112140800	-29.02	167.95	133
1112572800	-29.02	167.95	134
1113868800	-29.02	167.95	164
1114646400	-29.02	167.95	145
1115251200	-29.02	167.95	211
1116028800	-29.02	167.95	186
1117324800	-29.02	167.95	199
1117670400	-29.02	167.95	169
1118361600	-29.02	167.95	271
1118966400	-29.02	167.95	292
1119830400	-29.02	167.95	258
1120435200	-29.02	167.95	190
1121212800	-29.02	167.95	292
1122163200	-29.02	167.95	259
1122768000	-29.02	167.95	265
1123632000	-29.02	167.95	339
1124150400	-29.02	167.95	301
1124668800	-29.02	167.95	294
1125446400	-29.02	167.95	303
1125964800	-29.02	167.95	322
1126569600	-29.02	167.95	416
1127260800	-29.02	167.95	329
1128556800	-29.02	167.95	329
1129248000	-29.02	167.95	344
1129852800	-29.02	167.95	365
1130976000	-29.02	167.95	429
1131840000	-29.02	167.95	320
1133136000	-29.02	167.95	291
1134345600	-29.02	167.95	213
1135209600	-29.02	167.95	333
1136332800	-29.02	167.95	160
1137369600	-29.02	167.95	131
1137715200	-29.02	167.95	127
1138147200	-29.02	167.95	133
1138924800	-29.02	167.95	114
1139097600	-29.02	167.95	116
1140480000	-29.02	167.95	139
1140912000	-29.02	167.95	167
1141776000	-29.02	167.95	129
1142294400	-29.02	167.95	113
1142899200	-29.02	167.95	143
1143590400	-29.02	167.95	139
1144022400	-29.02	167.95	160
1144540800	-29.02	167.95	199
1146182400	-29.02	167.95	166
1146614400	-29.02	167.95	201
1147219200	-29.02	167.95	197
1147910400	-29.02	167.95	176
1148601600	-29.02	167.95	203
1149465600	-29.02	167.95	213
1150070400	-29.02	167.95	265
1150761600	-29.02	167.95	203
1151280000	-29.02	167.95	274
1151884800	-29.02	167.95	288
1152403200	-29.02	167.95	271
1153094400	-29.02	167.95	249
1153699200	-29.02	167.95	270
1154304000	-29.02	167.95	258
1154736000	-29.02	167.95	235
1155254400	-29.02	167.95	286
1155859200	-29.02	167.95	317
1156982400	-29.02	167.95	279
1160956800	-29.02	167.95	351
1162944000	-29.02	167.95	288
1163808000	-29.02	167.95	297
1164672000	-29.02	167.95	229
1167523200	-29.02	167.95	178
1168992000	-29.02	167.95	151
1169683200	-29.02	167.95	137
1170460800	-29.02	167.95	137
1172016000	-29.02	167.95	149
1172793600	-29.02	167.95	127
1174176000	-29.02	167.95	146
1174694400	-29.02	167.95	191
1176249600	-29.02	167.95	172
1176854400	-29.02	167.95	171
1178841600	-29.02	167.95	183
1179878400	-29.02	167.95	199
1180483200	-29.02	167.95	249
1193270400	-29.02	167.95	357
1195603200	-29.02	167.95	260
1197072000	-29.02	167.95	236
1197849600	-29.02	167.95	242
1198195200	-29.02	167.95	200
1198972800	-29.02	167.95	183
1199491200	-29.02	167.95	177
1201478400	-29.02	167.95	131
1201910400	-29.02	167.95	136
1202428800	-29.02	167.95	137
1203120000	-29.02	167.95	123
1203724800	-29.02	167.95	139
1204675200	-29.02	167.95	129
1206748800	-29.02	167.95	167
1207440000	-29.02	167.95	179
1208649600	-29.02	167.95	166
1209254400	-29.02	167.95	183
1209945600	-29.02	167.95	207
1210723200	-29.02	167.95	226
1211328000	-29.02	167.95	201
1211846400	-29.02	167.95	209
1212969600	-29.02	167.95	233
1213401600	-29.02	167.95	252
1214265600	-29.02	167.95	280
1214784000	-29.02	167.95	288
1215216000	-29.02	167.95	271
1216080000	-29.02	167.95	271
1216598400	-29.02	167.95	288
1217116800	-29.02	167.95	281
1218758400	-29.02	167.95	325
1219449600	-29.02	167.95	295
1221523200	-29.02	167.95	298
1222128000	-29.02	167.95	330
1223510400	-29.02	167.95	305
1224374400	-29.02	167.95	314
1224806400	-29.02	167.95	291
1226707200	-29.02	167.95	206
1227916800	-29.02	167.95	220
1228262400	-29.02	167.95	201
1229817600	-29.02	167.95	165
1230595200	-29.02	167.95	171
1231200000	-29.02	167.95	131
1231718400	-29.02	167.95	118
1232236800	-29.02	167.95	127
826723800	-29.03	167.95	161
826761600	-29.03	167.95	163
826903200	-29.03	167.95	154
834597600	-29.03	167.95	264
834835200	-29.03	167.95	264
842188500	-29.03	167.95	352
842354400	-29.03	167.95	392
850406400	-29.03	167.95	209
850482000	-29.03	167.95	195
850572000	-29.03	167.95	243
858421800	-29.03	167.95	180
858501000	-29.03	167.95	177
866034000	-29.03	167.95	288
866119500	-29.03	167.95	254
866194200	-29.03	167.95	255
866281500	-29.03	167.95	259
873903600	-29.03	167.95	428
874054800	-29.03	167.95	393
874140300	-29.03	167.95	362
874224900	-29.03	167.95	355
881829000	-29.03	167.95	359
881859600	-29.03	167.95	419
881924400	-29.03	167.95	346
889724700	-29.03	167.95	131
889812000	-29.03	167.95	122
889896600	-29.03	167.95	153
889981200	-29.03	167.95	136
897730500	-29.03	167.95	369
897764400	-29.03	167.95	335
897823200	-29.03	167.95	319
905430300	-29.03	167.95	386
905523600	-29.03	167.95	423
905607000	-29.03	167.95	408
905681100	-29.03	167.95	414
913544400	-29.03	167.95	252
920471400	-29.03	167.95	183
920728800	-29.03	167.95	141
920802000	-29.03	167.95	222
929232000	-29.03	167.95	297
929318400	-29.03	167.95	294
929318400	-29.03	167.95	300
937180800	-29.03	167.95	383
937267200	-29.03	167.95	437
937353600	-29.03	167.95	415
945129600	-29.03	167.95	310
945216000	-29.03	167.95	272
945216000	-29.03	167.95	307
953164800	-29.03	167.95	153
953251200	-29.03	167.95	163
953337600	-29.03	167.95	162
953424000	-29.03	167.95	160
961113600	-29.03	167.95	263
961200000	-29.03	167.95	274
961200000	-29.03	167.95	312
968284800	-29.03	167.95	309
968371200	-29.03	167.95	287
968457600	-29.03	167.95	280
968544000	-29.03	167.95	367
976838400	-29.03	167.95	195
976924800	-29.03	167.95	181
976924800	-29.03	167.95	182
977011200	-29.03	167.95	174
983664000	-29.03	167.95	141
984009600	-29.03	167.95	126
984787200	-29.03	167.95	142
985996800	-29.03	167.95	160
991785600	-29.03	167.95	259
991958400	-29.03	167.95	243
992217600	-29.03	167.95	264
992649600	-29.03	167.95	312
993254400	-29.03	167.95	277
994377600	-29.03	167.95	257
994723200	-29.03	167.95	295
995068800	-29.03	167.95	312
995328000	-29.03	167.95	349
997315200	-29.03	167.95	308
997401600	-29.03	167.95	336
997833600	-29.03	167.95	317
999216000	-29.03	167.95	327
999561600	-29.03	167.95	479
999907200	-29.03	167.95	330
1000252800	-29.03	167.95	326
1000684800	-29.03	167.95	380
1002326400	-29.03	167.95	408
1003795200	-29.03	167.95	312
1004745600	-29.03	167.95	321
1005782400	-29.03	167.95	275
1006473600	-29.03	167.95	245
1007337600	-29.03	167.95	199
1007856000	-29.03	167.95	310
1007942400	-29.03	167.95	339
1008460800	-29.03	167.95	190
1008979200	-29.03	167.95	176
1010188800	-29.03	167.95	359
1010966400	-29.03	167.95	155
1011484800	-29.03	167.95	149
1011916800	-29.03	167.95	128
1013040000	-29.03	167.95	124
1013644800	-29.03	167.95	142
1014163200	-29.03	167.95	120
1015632000	-29.03	167.95	140
1016064000	-29.03	167.95	137
1016582400	-29.03	167.95	149
1016755200	-29.03	167.95	207
1017532800	-29.03	167.95	324
1018915200	-29.03	167.95	188
1019692800	-29.03	167.95	173
1019952000	-29.03	167.95	200
1021161600	-29.03	167.95	214
1021939200	-29.03	167.95	401
1022284800	-29.03	167.95	216
1023235200	-29.03	167.95	240
1023494400	-29.03	167.95	327
1024099200	-29.03	167.95	174
1024617600	-29.03	167.95	247
1024617600	-29.03	167.95	274
1024963200	-29.03	167.95	253
1024963200	-29.03	167.95	333
1026086400	-29.03	167.95	283
1028764800	-29.03	167.95	312
1026604800	-29.03	167.95	271
1027468800	-29.03	167.95	278
1027900800	-29.03	167.95	322
1029801600	-29.03	167.95	323
1030665600	-29.03	167.95	417
1031097600	-29.03	167.95	344
1031529600	-29.03	167.95	349
1032393600	-29.03	167.95	353
1033516800	-29.03	167.95	328
1034380800	-29.03	167.95	369
1034985600	-29.03	167.95	335
1035244800	-29.03	167.95	348
1036540800	-29.03	167.95	338
1036972800	-29.03	167.95	275
1037750400	-29.03	167.95	288
1039392000	-29.03	167.95	212
1039478400	-29.03	167.95	256
1039910400	-29.03	167.95	192
1041379200	-29.03	167.95	177
1042243200	-29.03	167.95	161
1042588800	-29.03	167.95	149
1043107200	-29.03	167.95	198
1043971200	-29.03	167.95	194
1044835200	-29.03	167.95	139
1045353600	-29.03	167.95	207
1045958400	-29.03	167.95	153
1046390400	-29.03	167.95	142
1048032000	-29.03	167.95	158
1048636800	-29.03	167.95	152
1049068800	-29.03	167.95	422
1049760000	-29.03	167.95	155
1050192000	-29.03	167.95	139
1050278400	-29.03	167.95	174
1050796800	-29.03	167.95	159
1051574400	-29.03	167.95	201
1181865600	-29.03	167.95	229
1183161600	-29.03	167.95	257
1184025600	-29.03	167.95	250
1184889600	-29.03	167.95	266
1185667200	-29.03	167.95	264
1187395200	-29.03	167.95	308
1187740800	-29.03	167.95	276
1188259200	-29.03	167.95	298
1189641600	-29.03	167.95	338
1190505600	-29.03	167.95	409
1190937600	-29.03	167.95	392
1192406400	-29.03	167.95	303
1194307200	-29.03	167.95	395
1196035200	-29.03	167.95	232
937353600	-34.42	172.41	386
1031529600	-34.42	172.41	334
1039996800	-34.42	172.41	226
1046822400	-34.42	172.41	148
1055376000	-34.42	172.41	252
1063670400	-34.42	172.41	351
1071705600	-34.42	172.41	233
1079049600	-34.42	172.41	121
1087430400	-34.42	172.41	219
1095724800	-34.42	172.41	312
1102809600	-34.42	172.41	193
1111104000	-34.42	172.41	133
1118534400	-34.42	172.41	432
1118534400	-34.42	172.41	486
1126828800	-34.42	172.41	338
1134259200	-34.42	172.41	195
1134259200	-34.42	172.41	188
1142640000	-34.42	172.41	123
1149724800	-34.42	172.41	192
1150588800	-34.42	172.41	207
1158105600	-34.42	172.41	291
1158105600	-34.42	172.41	310
1174003200	-34.42	172.41	139
1180828800	-34.42	172.41	211
1180915200	-34.42	172.41	208
1189382400	-34.42	172.41	308
1206057600	-34.42	172.41	186
1212624000	-34.42	172.41	244
1221177600	-34.42	172.41	293
1229212800	-34.42	172.41	181
984182400	-34.72	172.41	156
1000252800	-34.72	172.41	344
1000425600	-34.72	172.41	326
984268800	-34.74	173.1	152
1150761600	-34.79	173	222
1150761600	-34.79	173	225
826651800	-34.9	173.15	178
834483600	-34.9	173.15	243
842898000	-34.9	173.15	407
850154400	-34.9	173.15	238
850212000	-34.9	173.15	242
858015900	-34.9	173.15	144
866382300	-34.9	173.15	314
905272800	-34.9	173.15	408
905327400	-34.9	173.15	402
944870400	-34.9	173.15	250
944956800	-34.9	173.15	224
953510400	-34.9	173.15	157
953510400	-34.9	173.15	159
953596800	-34.9	173.15	169
969235200	-34.9	173.15	324
992649600	-34.9	173.15	284
992736000	-34.9	173.15	262
992822400	-34.9	173.15	260
1008115200	-34.9	173.15	196
1016150400	-34.9	173.15	162
1031529600	-34.9	173.15	342
1039996800	-34.9	173.15	226
1046736000	-34.9	173.15	142
1046908800	-34.9	173.15	180
1055376000	-34.9	173.15	282
1055376000	-34.9	173.15	285
1055462400	-34.9	173.15	275
1071964800	-34.9	173.15	188
1087430400	-34.9	172.41	230
1095724800	-34.9	173.15	336
1095724800	-34.9	173.15	336
1095724800	-34.9	173.15	402
1095724800	-34.9	173.15	374
1126828800	-34.9	173.15	366
1134172800	-34.9	173.15	194
1158019200	-34.9	173.15	333
1158105600	-34.9	173.15	311
1173916800	-34.9	173.15	139
1189296000	-34.9	173.15	321
1189382400	-34.9	173.15	338
1205971200	-34.9	173.15	167
1212624000	-34.9	173.15	239
1221091200	-34.9	173.15	341
1229126400	-34.9	173.15	181
1000512000	-34.99	172.44	346
1071878400	-35	173.8	175
1078963200	-35.03	172.41	146
1079049600	-35.03	172.41	159
1087344000	-35.03	172.41	251
1087430400	-35.03	172.41	230
1102723200	-35.03	173.15	251
1102809600	-35.03	173.15	371
1102896000	-35.03	173.15	253
1111017600	-35.03	173.15	128
1111104000	-35.03	173.15	125
1111104000	-35.03	173.15	141
1118448000	-35.03	173.15	291
1126828800	-35.03	173.15	376
1134172800	-35.03	173.15	159
1142640000	-35.03	173.15	132
1142726400	-35.03	173.15	142
1142726400	-35.03	173.15	191
1150502400	-35.03	173.15	219
1150675200	-35.03	173.15	212
1180742400	-35.03	173.85	241
1180828800	-35.03	173.85	214
1205971200	-35.03	173.15	228
1212537600	-35.03	173.15	241
873734400	-35.04	173	450
873799200	-35.04	173	453
913214400	-35.04	173	285
920315700	-35.04	173	168
920380800	-35.04	173	294
1063584000	-35.04	173	349
1071792000	-35.04	173	211
1173916800	-35.04	173	147
1174003200	-35.04	173	498
1198195200	-35.04	173	214
937353600	-35.16	173.1	392
1221091200	-35.16	173.08	288
1221177600	-35.16	173.08	291
920398800	-35.5	173.4	148
937267200	-35.5	173.4	387
1031443200	-35.53	173.22	331
1039910400	-35.53	173.22	243
1095638400	-35.53	173.38	283
937267200	-35.92	173.67	385
1039910400	-35.92	173.67	238
1072051200	-35.92	173.67	189
1000512000	-35.94	172.43	354
1046908800	-36.08	174.5	144
1063670400	-36.25	174.2	353
1198108800	-36.25	174.2	264
1198195200	-36.25	174.2	228
873648000	-36.57	174.7	454
889354800	-36.57	174.7	148
898624800	-36.57	174.7	411
962064000	-36.57	174.7	289
1008460800	-36.57	174.7	201
1008547200	-36.57	174.7	207
1118620800	-36.57	174.44	275
984355200	-36.68	175.6	175
826632000	-36.82	174.45	167
827083800	-36.82	174.45	158
834167400	-36.82	174.45	269
834399900	-36.82	174.45	434
842880600	-36.82	174.45	375
850077000	-36.82	174.45	294
850161600	-36.82	174.45	335
858533100	-36.82	174.45	164
858589200	-36.82	174.45	165
890591400	-36.82	174.45	215
890658000	-36.82	174.45	225
897843600	-36.82	174.45	305
897890400	-36.82	174.45	327
905707200	-36.82	174.45	421
906558300	-36.82	174.45	399
920469600	-36.82	174.45	271
929664000	-36.82	174.45	320
944784000	-36.82	174.45	265
944956800	-36.82	174.45	315
953078400	-36.82	174.45	157
960595200	-36.82	174.45	252
969062400	-36.82	174.45	336
977443200	-36.82	174.45	205
977616000	-36.82	174.45	207
977788800	-36.82	174.45	141
977875200	-36.82	174.45	142
984441600	-36.82	174.45	160
992131200	-36.82	174.45	388
1008979200	-36.82	174.45	179
1009065600	-36.82	174.45	185
1016150400	-36.82	174.45	274
1016323200	-36.82	174.45	148
1016409600	-36.82	174.45	147
1017360000	-36.82	174.45	175
1023926400	-36.82	174.45	274
1024272000	-36.82	174.45	279
1024704000	-36.82	174.45	263
1031270400	-36.82	174.45	400
1032480000	-36.82	174.45	347
1040083200	-36.82	174.45	214
1046995200	-36.82	174.45	237
1047081600	-36.82	174.45	137
1047686400	-36.82	174.45	196
1055289600	-36.82	174.45	258
1055462400	-36.82	174.45	257
1056067200	-36.82	174.45	278
1063497600	-36.82	174.26	506
1063584000	-36.82	174.26	416
1064534400	-36.82	174.26	330
1071619200	-36.82	172.7	220
1078790400	-36.82	174.26	225
1078876800	-36.82	174.26	153
1087257600	-36.82	174.26	249
1087344000	-36.82	174.26	254
1095552000	-36.82	174.45	312
1102896000	-36.82	174.45	218
1126742400	-36.82	174.45	331
1134086400	-36.82	174.45	188
1134172800	-36.82	174.45	168
1150502400	-36.82	174.45	216
1150675200	-36.82	174.45	222
1158019200	-36.82	174.45	290
1173830400	-36.82	174.45	146
1174089600	-36.82	174.45	137
1180742400	-36.82	177.92	221
1180915200	-36.82	177.92	217
1189468800	-36.82	177.92	322
1189468800	-36.82	177.92	315
1198022400	-36.82	177.92	201
1198108800	-36.82	177.92	302
1205884800	-36.82	174.45	189
1205884800	-36.82	174.45	184
1206057600	-36.82	174.45	174
1212451200	-36.82	174.45	309
1212451200	-36.82	174.45	290
1212624000	-36.82	174.45	293
1221091200	-36.82	174.25	317
1221177600	-36.82	174.25	294
1229040000	-36.82	174.45	173
1229126400	-36.82	174.45	209
1031529600	-37.25	176.17	332
921247200	-37.44	176	143
1008633600	-37.63	176.12	192
984441600	-37.7	176.3	160
859127400	-40	175.33	155
850851000	-40.47	175.3	232
1032307200	-40.69	172.68	361
905874600	-40.74	175.09	431
1032307200	-40.74	175.09	356
898029000	-41.08	174.87	369
1040688000	-41.08	174.87	190
1055894400	-41.08	175.65	263
1040688000	-41.2	174.5	221
914088600	-41.23	172.9	216
921418200	-41.6	175.3	145
1071014400	-41.75	171.5	222
984787200	-41.84	174.2	154
1048204800	-41.84	174.2	244
938217600	-42	174.02	406
843329400	-42.11	171.33	345
914162400	-42.11	171.33	239
1031788800	-42.11	171.33	338
1055894400	-42.11	171.33	249
1063929600	-42.11	174.08	328
1071100800	-42.11	171.3	222
1079222400	-42.11	171.33	152
1087603200	-42.11	171.33	241
1094774400	-42.11	171.33	332
1111276800	-42.11	171.3	155
1127001600	-42.11	171.33	332
1134432000	-42.11	171.33	211
1142899200	-42.11	171.19	149
1174176000	-42.11	171.33	173
1206230400	-42.11	171.33	141
1212883200	-42.11	171.33	233
1221350400	-42.11	171.19	371
921515400	-42.42	173.68	211
984873600	-42.42	173.7	170
992476800	-42.42	173.68	266
882526500	-42.58	171.12	312
1009584000	-42.58	172.11	177
1025136000	-42.58	172.11	303
851338800	-42.72	170.97	218
874521000	-42.72	170.97	472
882469200	-42.72	170.97	398
906056400	-42.72	170.97	438
914170800	-42.72	170.97	210
945648000	-42.72	170.97	325
953942400	-42.72	170.97	158
969926400	-42.72	170.97	330
977616000	-42.72	170.97	233
977702400	-42.72	170.97	207
992390400	-42.72	170.97	252
992476800	-42.72	170.97	300
1000857600	-42.72	170.97	327
1000944000	-42.72	170.97	445
1009411200	-42.72	170.97	188
1009497600	-42.72	170.97	201
1009497600	-42.72	170.97	213
1024876800	-42.72	170.97	282
1024963200	-42.72	170.97	272
1025136000	-42.72	170.97	266
1031875200	-42.72	170.97	338
1063929600	-42.72	170.59	341
1079222400	-42.72	170.97	140
1087603200	-42.72	170.97	255
1087689600	-42.72	170.97	262
1094774400	-42.72	170.97	340
1103328000	-42.72	170.97	219
1111363200	-42.72	170.56	135
1127001600	-42.72	170.56	324
1134518400	-42.72	170.56	210
1174176000	-42.72	170.56	163
1198454400	-42.72	170.97	178
1206230400	-42.72	170.56	136
1221350400	-42.72	170.57	363
1229385600	-42.72	170.56	216
1055721600	-42.88	170.49	252
1079308800	-42.88	170.5	131
1087689600	-42.88	170.5	276
1094860800	-42.88	169.05	325
1111363200	-42.88	169.05	138
1127088000	-42.88	169.05	310
1134518400	-42.88	169.05	213
1142899200	-42.88	170.46	151
906114000	-43.23	170.18	407
1094860800	-43.23	170.18	342
866383200	-43.42	169.75	328
882384000	-43.42	169.75	265
882441000	-43.42	169.75	268
945648000	-43.42	169.75	265
1031875200	-43.42	169.75	342
1055721600	-43.42	169.75	240
1079308800	-43.42	168.59	119
1087689600	-43.42	168.59	262
1094860800	-43.42	168.59	358
1103155200	-43.42	168.59	229
1111363200	-43.42	168.59	135
1127088000	-43.42	169.49	309
1134691200	-43.42	169.49	208
1142985600	-43.42	169.49	149
1165795200	-43.42	169.49	246
1174262400	-43.42	169.49	143
1181433600	-43.42	169.75	247
1189641600	-43.42	169.75	328
1198540800	-43.42	169.75	197
1206403200	-43.42	169.49	158
1212796800	-43.42	169.49	210
1221436800	-43.42	169.75	312
1229472000	-43.42	169.49	181
954028800	-43.57	169.68	161
970099200	-43.57	169.68	324
1047772800	-43.57	169.68	144
921586500	-43.59	172.8	267
827508000	-43.6	169.68	164
874492200	-43.6	169.68	420
1048118400	-43.6	169.68	155
1064102400	-43.6	169.68	354
984960000	-43.7	173.1	151
1000857600	-43.73	172.19	338
1064102400	-43.73	170.1	346
930096000	-43.83	172.5	280
930182400	-43.83	172.5	295
827510400	-43.88	169.05	170
835195500	-43.88	169.05	298
835262400	-43.88	169.05	326
843404700	-43.88	169.05	350
851188500	-43.88	169.05	234
851257800	-43.88	169.05	216
858830400	-43.88	169.05	174
866723400	-43.88	169.05	336
874432800	-43.88	169.05	415
882364200	-43.88	169.05	410
890301600	-43.88	169.05	153
898351200	-43.88	169.05	324
914189400	-43.88	169.05	219
914238900	-43.88	169.05	236
945561600	-43.88	169.05	242
953856000	-43.88	169.05	158
953942400	-43.88	169.05	163
977529600	-43.88	169.05	183
977616000	-43.88	169.05	200
992390400	-43.88	169.05	237
1009411200	-43.88	169.05	195
1024963200	-43.88	169.05	398
1040428800	-43.88	169.05	199
1055721600	-43.88	169.05	257
1071187200	-43.88	169.05	216
1079308800	-43.88	169.05	124
1087689600	-43.88	169.05	258
1094860800	-43.88	169.05	333
1103155200	-43.88	169.05	224
1111363200	-43.88	169.05	146
1134518400	-43.88	169.05	215
1174262400	-43.88	169.05	149
1181433600	-43.88	169.05	235
1189641600	-43.88	169.05	338
1198627200	-43.88	169.05	184
1206403200	-43.88	169.05	323
1212796800	-43.88	169.05	241
1221436800	-43.88	169.05	287
1229472000	-43.88	169.05	191
930009600	-44	171.25	297
1016409600	-44	171.25	196
1040256000	-44	171.25	228
937958400	-45.1	170.97	377
843677100	-45.42	167.72	454
914262300	-45.42	167.72	244
914269500	-45.42	167.72	219
921763800	-45.42	167.72	159
985392000	-45.42	167.72	158
1047859200	-45.42	167.72	149
1071273600	-45.42	167.8	173
1040256000	-45.46	170	196
1150848000	-45.46	170.49	254
1150934400	-45.46	170.49	237
1150934400	-45.46	170.49	304
1071360000	-45.57	167.6	228
859201200	-45.77	170.5	158
1017100800	-45.77	155.4	159
1017187200	-45.77	155.4	160
985046400	-45.8	170.7	252
1040256000	-45.8	170.7	206
921776400	-45.98	167.4	188
1040342400	-46.19	168	197
1181606400	-46.32	167.79	238
953769600	-46.38	167.73	158
953769600	-46.38	167.73	170
992304000	-46.38	167.73	299
1032048000	-46.38	167.73	410
1040342400	-46.38	167.73	185
1055548800	-46.38	167.73	372
1055635200	-46.38	167.73	367
851025600	-46.41	168.35	248
906379800	-46.41	168.35	418
835021800	-46.44	168.33	275
835093800	-46.44	168.33	286
843060900	-46.44	168.33	398
843739500	-46.44	168.33	483
851092200	-46.44	168.33	246
858673800	-46.44	168.33	174
866566800	-46.44	168.33	318
866622600	-46.44	168.33	305
874343400	-46.44	168.33	399
882264600	-46.44	168.33	322
890389800	-46.44	168.33	149
898365600	-46.44	168.33	304
906387900	-46.44	168.33	387
921843000	-46.44	168.33	212
929664000	-46.44	168.33	247
937785600	-46.44	168.33	397
945388800	-46.44	168.33	245
961891200	-46.44	168.33	296
961977600	-46.44	168.33	290
961977600	-46.44	168.33	312
969580800	-46.44	168.33	344
977529600	-46.44	168.33	187
977529600	-46.44	168.33	187
992131200	-46.44	168.33	255
992304000	-46.44	168.33	277
1032048000	-46.44	168.33	392
1047945600	-46.44	168.33	157
1064188800	-46.44	168.14	327
937872000	-46.45	169.75	371
1064275200	-46.45	168.21	358
1000598400	-46.61	168.2	336
1000684800	-46.61	168.2	338
1000684800	-46.61	168.2	344
1009324800	-46.61	168.2	217
1016928000	-46.61	168.2	179
1017014400	-46.61	168.2	173
1017100800	-46.61	168.2	162
1017187200	-46.61	168.2	170
1024704000	-46.61	168.2	283
1025308800	-46.61	168.2	283
1047945600	-46.61	168.2	148
1064188800	-46.61	168.21	339
1071446400	-46.61	168.21	209
1071532800	-46.61	168.21	221
1079395200	-46.61	168.21	129
1079395200	-46.61	168.21	130
1079481600	-46.61	168.21	137
1087776000	-46.61	168.21	317
1087776000	-46.61	168.21	337
1009152000	-46.64	168.51	227
1009238400	-46.64	168.51	214
1103068800	-46.64	168.51	215
1103155200	-46.64	168.51	217
985219200	-46.65	169.1	182
985305600	-46.65	169.1	186
1111449600	-46.67	168.51	142
1111449600	-46.67	168.51	126
1127260800	-46.67	168.51	315
1134604800	-46.67	168.51	201
1174435200	-46.67	168.51	198
1189728000	-46.67	168.51	310
1189814400	-46.67	168.51	299
1198800000	-46.67	169	190
1212710400	-46.67	168.51	256
1221609600	-46.67	168.59	334
1229558400	-46.67	168.51	191
