2005	5	20	578.488	156.5	71.16
2005	5	20	673.036	156.5	71.16
2005	6	10	896.455	156.5	71.16
2005	6	10	836.561	156.5	71.16
2005	6	10	840.452	156.5	71.16
2005	6	10	889.25	156.5	71.16
2005	6	17	881.762	156.5	71.16
2005	6	17	913.5	156.5	71.16
2005	7	1	1256.515	156.5	71.16
2005	7	1	1246.515	156.5	71.16
2005	7	8	492.172	156.5	71.16
2005	7	8	470.701	156.5	71.16
2005	7	22	-999.99	156.5	71.16
2005	7	22	-999.99	156.5	71.16
2005	8	1	454.412	156.5	71.16
2005	8	12	870.045	156.5	71.16
2005	8	12	697.376	156.5	71.16
2005	9	2	2270.543	156.5	71.16
2005	9	2	2330.928	156.5	71.16
2005	9	15	1175.633	156.5	71.16
2005	9	15	1289.842	156.5	71.16
2005	9	23	458.508	156.5	71.16
2005	9	23	439.307	156.5	71.16
2005	9	30	907.715	156.5	71.16
2005	9	30	786.674	156.5	71.16
2005	10	7	-999.99	156.5	71.16
2005	10	7	720.777	156.5	71.16
2005	10	14	1748.552	156.5	71.16
2005	10	14	1624.05	156.5	71.16
2005	10	28	1721.177	156.5	71.16
2005	10	28	1686.267	156.5	71.16
2005	11	4	1362.127	156.5	71.16
2005	11	4	1243.032	156.5	71.16
2005	11	11	1230.475	156.5	71.16
2005	11	11	1237.964	156.5	71.16
2005	11	18	968.168	156.5	71.16
2005	11	18	969.208	156.5	71.16
2005	11	23	1857.579	156.5	71.16
2005	11	23	1721.674	156.5	71.16
2005	12	2	1426.493	156.5	71.16
2005	12	2	1559.774	156.5	71.16
2005	12	9	1345.543	156.5	71.16
2005	12	9	1312.217	156.5	71.16
2005	12	14	1370.498	156.5	71.16
2005	12	14	1269.05	156.5	71.16
2005	12	22	-999.99	156.5	71.16
2005	12	22	-999.99	156.5	71.16
2005	12	30	1248.403	156.5	71.16
2005	12	30	1454.979	156.5	71.16
2006	1	6	-999.99	156.5	71.16
2006	1	6	2180.966	156.5	71.16
2006	1	13	794.496	156.5	71.16
2006	1	13	210.651	156.5	71.16
2006	1	13	857.395	156.5	71.16
2006	1	13	250.147	156.5	71.16
2006	1	20	1548.088	156.5	71.16
2006	1	20	1648.844	156.5	71.16
2006	1	27	1786.933	156.5	71.16
2006	2	13	3069.349	156.5	71.16
2006	2	13	3192.794	156.5	71.16
2006	2	24	2816.738	156.5	71.16
2006	2	24	3023.384	156.5	71.16
2006	3	3	3174.177	156.5	71.16
2006	3	3	3190.717	156.5	71.16
2006	3	10	3018.826	156.5	71.16
2006	3	10	2913.689	156.5	71.16
2006	3	17	3318.719	156.5	71.16
2006	3	17	3576.585	156.5	71.16
2006	3	24	2826.128	156.5	71.16
2006	3	24	2647.851	156.5	71.16
2006	3	29	1688.375	156.5	71.16
2006	3	29	1631.406	156.5	71.16
2006	4	7	1785.796	156.5	71.16
2006	4	7	1812.148	156.5	71.16
2006	4	14	1674.555	156.5	71.16
2006	4	14	1677.611	156.5	71.16
2006	4	21	1293.247	156.5	71.16
2006	4	21	1438.481	156.5	71.16
2006	4	21	1228.611	156.5	71.16
2006	4	28	1713.019	156.5	71.16
2006	4	28	1394.685	156.5	71.16
2006	5	5	1449.444	156.5	71.16
2006	5	5	1255.87	156.5	71.16
2006	5	19	1541.704	156.5	71.16
2006	5	19	1502.982	156.5	71.16
2006	6	2	1056.738	156.5	71.16
2006	6	2	1161.479	156.5	71.16
2006	6	7	1511.326	156.5	71.16
2006	6	7	1163.613	156.5	71.16
2006	7	6	803.438	156.5	71.16
2006	7	6	820.438	156.5	71.16
2006	7	14	744	156.5	71.16
2006	7	14	788.125	156.5	71.16
2006	7	21	664.406	156.5	71.16
2006	7	21	728.453	156.5	71.16
2006	7	28	876.344	156.5	71.16
2006	7	28	799.906	156.5	71.16
2006	8	3	558.125	156.5	71.16
2006	8	18	716.726	156.5	71.16
2006	8	18	630.089	156.5	71.16
2006	8	25	635.134	156.5	71.16
2006	8	25	625.045	156.5	71.16
2006	8	31	911.19	156.5	71.16
2006	8	31	852.872	156.5	71.16
2006	9	15	-999.99	156.5	71.16
2006	9	15	-999.99	156.5	71.16
2006	9	22	639.554	156.5	71.16
2006	9	22	678.303	156.5	71.16
2006	10	13	1086.302	156.5	71.16
2006	10	13	1063.38	156.5	71.16
2006	10	20	986.339	156.5	71.16
2006	10	20	957.262	156.5	71.16
2006	10	26	1074.757	156.5	71.16
2006	10	26	1188.229	156.5	71.16
2006	11	3	1126.427	156.5	71.16
2006	11	3	1160.79	156.5	71.16
2006	11	22	1546.981	156.5	71.16
2006	11	22	1546.551	156.5	71.16
2006	12	1	1720.762	156.5	71.16
2006	12	1	1693.089	156.5	71.16
2006	12	15	2067.922	156.5	71.16
2006	12	15	1886.939	156.5	71.16
2006	12	29	2505.49	156.5	71.16
2006	12	29	2505.411	156.5	71.16
2007	1	5	3082.493	156.5	71.16
2007	1	5	3141.618	156.5	71.16
2007	1	19	2458.143	156.5	71.16
2007	1	19	2420.385	156.5	71.16
2007	2	2	2304.377	156.5	71.16
2007	2	2	2314.841	156.5	71.16
2007	2	16	2218.213	156.5	71.16
2007	2	16	2276.413	156.5	71.16
2007	3	9	2379.778	156.5	71.16
2007	3	9	2389.585	156.5	71.16
2007	3	16	2432.77	156.5	71.16
2007	3	16	2404.626	156.5	71.16
2007	3	23	2265.097	156.5	71.16
2007	3	23	2218.989	156.5	71.16
2007	3	30	2343.989	156.5	71.16
2007	3	30	2371.164	156.5	71.16
2007	4	6	2019.737	156.5	71.16
2007	4	6	2036.205	156.5	71.16
2007	4	13	1671.593	156.5	71.16
2007	4	13	1693.573	156.5	71.16
2007	4	20	1661.205	156.5	71.16
2007	4	20	1644.114	156.5	71.16
2007	4	27	1345.496	156.5	71.16
2007	4	27	1379.973	156.5	71.16
2007	5	4	1362.039	156.5	71.16
2007	5	4	1316.818	156.5	71.16
2007	5	11	1355.61	156.5	71.16
2007	5	11	1327.493	156.5	71.16
2007	5	18	-999.99	156.5	71.16
2007	5	18	1385.334	156.5	71.16
2007	5	25	1007.23	156.5	71.16
2007	5	25	1092.146	156.5	71.16
2007	6	15	1061.621	156.5	71.16
2007	6	15	1085.082	156.5	71.16
2007	6	22	1020.769	156.5	71.16
2007	6	22	1021.484	156.5	71.16
2007	6	29	918.146	156.5	71.16
2007	6	29	919.959	156.5	71.16
2007	7	20	732.885	156.5	71.16
2007	7	20	712.212	156.5	71.16
2007	7	28	669.203	156.5	71.16
2007	7	28	678.475	156.5	71.16
2007	8	3	605.453	156.5	71.16
2007	8	3	583.063	156.5	71.16
2007	8	10	726.168	156.5	71.16
2007	8	10	749.51	156.5	71.16
2007	8	17	-999.99	156.5	71.16
2007	8	17	-999.99	156.5	71.16
2007	10	19	-999.99	156.5	71.16
2007	10	19	-999.99	156.5	71.16
2007	10	26	1163.43	156.5	71.16
2007	10	26	1179.573	156.5	71.16
2007	11	1	1123.342	156.5	71.16
2007	11	1	1120.565	156.5	71.16
2007	11	9	1341.156	156.5	71.16
2007	11	9	1334.724	156.5	71.16
2007	11	16	1128.453	156.5	71.16
2007	11	16	1142.014	156.5	71.16
2007	11	30	1480.13	156.5	71.16
2007	11	30	1489.151	156.5	71.16
2007	12	7	1472.96	156.5	71.16
2007	12	7	1474.481	156.5	71.16
2007	12	14	1618.207	156.5	71.16
2007	12	14	1742.571	156.5	71.16
2007	12	21	2095.814	156.5	71.16
2007	12	21	2052.123	156.5	71.16
2007	12	29	2213.844	156.5	71.16
2007	12	29	2250.378	156.5	71.16
2008	1	9	2540.236	156.5	71.16
2008	1	9	2565.766	156.5	71.16
2008	1	12	2152.897	156.5	71.16
2008	1	12	2089.93	156.5	71.16
2008	1	25	-999.99	156.5	71.16
2008	1	25	-999.99	156.5	71.16
2008	2	4	3572.535	156.5	71.16
2008	2	4	3562.103	156.5	71.16
2008	2	14	3215.315	156.5	71.16
2008	2	14	3195.946	156.5	71.16
2008	2	22	2991.347	156.5	71.16
2008	2	22	3016.452	156.5	71.16
2008	2	28	2946.758	156.5	71.16
2008	2	28	3085.701	156.5	71.16
2008	3	7	2636.323	156.5	71.16
2008	3	7	2692.541	156.5	71.16
2008	3	17	2126.6	156.5	71.16
2008	3	17	2128.4	156.5	71.16
2008	4	2	2046.322	156.5	71.16
2008	4	2	2043.954	156.5	71.16
2008	4	12	1909.169	156.5	71.16
2008	4	12	1910.152	156.5	71.16
2008	5	7	1377.597	156.5	71.16
2008	5	7	1361.165	156.5	71.16
2008	5	9	1641.207	156.5	71.16
2008	5	9	1642.561	156.5	71.16
2008	5	17	1350.55	156.5	71.16
2008	5	17	1318.254	156.5	71.16
2008	5	24	1418.971	156.5	71.16
2008	5	24	1408.337	156.5	71.16
2008	5	27	1008.653	156.5	71.16
2008	5	27	1003.362	156.5	71.16
2008	6	3	1160.886	156.5	71.16
2008	6	3	1156.141	156.5	71.16
2008	6	11	1099.381	156.5	71.16
2008	6	11	1101.687	156.5	71.16
2008	6	20	813.095	156.5	71.16
2008	6	20	906.117	156.5	71.16
2008	6	27	899.636	156.5	71.16
2008	6	27	931.226	156.5	71.16
2008	7	3	835.388	156.5	71.16
2008	7	3	830.473	156.5	71.16
2008	7	8	804.293	156.5	71.16
2008	7	8	833.037	156.5	71.16
2008	7	17	726.305	156.5	71.16
2008	7	17	713.037	156.5	71.16
2008	7	25	838.183	156.5	71.16
2008	7	25	825.366	156.5	71.16
2008	8	1	735.084	156.5	71.16
2008	8	1	746.427	156.5	71.16
2008	8	8	749.215	156.5	71.16
2008	8	8	688.273	156.5	71.16
2008	8	14	652.146	156.5	71.16
2008	8	14	640.935	156.5	71.16
2008	9	2	631.437	156.5	71.16
2008	9	2	852.597	156.5	71.16
2008	9	30	787.158	156.5	71.16
2008	9	30	815.504	156.5	71.16
2008	10	7	893.058	156.5	71.16
2008	10	7	879.005	156.5	71.16
2008	10	10	816.605	156.5	71.16
2008	10	10	820.735	156.5	71.16
2008	10	18	1717.402	156.5	71.16
2008	10	18	1768.848	156.5	71.16
2008	10	24	966.703	156.5	71.16
2008	10	24	952.953	156.5	71.16
2008	10	31	1157.098	156.5	71.16
2008	10	31	1180.504	156.5	71.16
2008	11	7	1178.093	156.5	71.16
2008	11	7	1351.139	156.5	71.16
2008	11	14	1248.305	156.5	71.16
2008	11	14	1246.854	156.5	71.16
2008	11	22	1853.046	156.5	71.16
2008	11	22	1973.105	156.5	71.16
2008	12	1	1737.202	156.5	71.16
2008	12	1	1602.69	156.5	71.16
2008	12	5	1386.043	156.5	71.16
2008	12	5	1538.369	156.5	71.16
2008	12	11	1683.512	156.5	71.16
2008	12	11	1680.226	156.5	71.16
2008	12	17	3415.726	156.5	71.16
2008	12	17	3254.238	156.5	71.16
2008	12	28	2486.054	156.5	71.16
2008	12	28	2430.662	156.5	71.16
2009	1	2	2023.958	156.5	71.16
2009	1	2	2017.365	156.5	71.16
2009	1	9	2520.988	156.5	71.16
2009	1	9	2493.354	156.5	71.16
2009	1	16	2257.549	156.5	71.16
2009	1	16	2261.439	156.5	71.16
2009	2	5	2263.244	156.5	71.16
2009	2	5	2259.049	156.5	71.16
2009	3	4	2693.844	156.5	71.16
2009	3	4	2691.472	156.5	71.16
2009	3	12	2696.764	156.5	71.16
2009	3	12	2715.937	156.5	71.16
2009	3	18	2343.598	156.5	71.16
2009	3	18	2337.403	156.5	71.16
2009	3	26	1803.304	156.5	71.16
2009	3	26	1802.631	156.5	71.16
2009	3	31	1771.707	156.5	71.16
2009	3	31	1762.695	156.5	71.16
2009	4	7	1890.696	156.5	71.16
2009	4	7	1897.575	156.5	71.16
2009	4	17	1605.598	156.5	71.16
2009	4	17	1604.202	156.5	71.16
2009	4	23	1427.799	156.5	71.16
2009	4	23	1414.229	156.5	71.16
2009	5	2	1293.793	156.5	71.16
2009	5	2	1270.336	156.5	71.16
2009	5	9	1040.162	156.5	71.16
2009	5	9	1034.664	156.5	71.16
2009	5	16	1381.411	156.5	71.16
2009	5	16	1383.844	156.5	71.16
2009	5	22	1314.793	156.5	71.16
2009	5	22	1318.378	156.5	71.16
2009	5	29	926.971	156.5	71.16
2009	5	29	925.925	156.5	71.16
2009	6	3	1153.82	156.5	71.16
2009	6	3	1158.163	156.5	71.16
2009	6	10	944.988	156.5	71.16
2009	6	10	855.113	156.5	71.16
2009	6	18	875.255	156.5	71.16
2009	6	18	878.662	156.5	71.16
2009	6	25	838.406	156.5	71.16
2009	6	25	826.947	156.5	71.16
2009	7	5	677.244	156.5	71.16
2009	7	5	682.963	156.5	71.16
2009	7	12	887.981	156.5	71.16
2009	7	12	910.328	156.5	71.16
2009	7	17	577.963	156.5	71.16
2009	7	17	713.122	156.5	71.16
2009	7	28	703.439	156.5	71.16
2009	7	28	712.61	156.5	71.16
2009	8	10	647.463	156.5	71.16
2009	8	10	643.573	156.5	71.16
2009	8	16	685.037	156.5	71.16
2009	8	16	702.378	156.5	71.16
2009	8	22	743.616	156.5	71.16
2009	8	22	734.102	156.5	71.16
2009	8	31	689.565	156.5	71.16
2009	8	31	-999.99	156.5	71.16
2009	9	7	732.061	156.5	71.16
2009	9	7	731.098	156.5	71.16
2009	9	11	754.867	156.5	71.16
2009	9	11	773.237	156.5	71.16
2009	9	18	581.942	156.5	71.16
2009	9	18	732.051	156.5	71.16
2009	9	24	798.152	156.5	71.16
2009	9	24	634.662	156.5	71.16
2009	10	9	1551.857	156.5	71.16
2009	10	9	1562.209	156.5	71.16
2009	10	19	723.104	156.5	71.16
2009	10	19	728.696	156.5	71.16
2009	10	30	1595.254	156.5	71.16
2009	10	30	1602.573	156.5	71.16
2009	11	2	1056.449	156.5	71.16
2009	11	2	1052.065	156.5	71.16
2009	11	14	392.464	156.5	71.16
2009	11	14	398.309	156.5	71.16
2009	11	22	1195.012	156.5	71.16
2009	11	22	1189.722	156.5	71.16
2009	11	25	608.442	156.5	71.16
2009	11	25	624.179	156.5	71.16
2009	12	5	1740.399	156.5	71.16
2009	12	5	1730.821	156.5	71.16
2009	12	11	1520.327	156.5	71.16
2009	12	11	1508.93	156.5	71.16
2009	12	18	2028.018	156.5	71.16
2009	12	18	1988.536	156.5	71.16
2009	12	23	1904.302	156.5	71.16
2009	12	23	1913.525	156.5	71.16
2010	1	4	2196.047	156.5	71.16
2010	1	4	2207.016	156.5	71.16
2010	2	9	1944.076	156.5	71.16
2010	2	9	1793.041	156.5	71.16
2010	2	12	2815.935	156.5	71.16
2010	2	12	2634.831	156.5	71.16
2010	3	5	2175.924	156.5	71.16
2010	3	5	2054.257	156.5	71.16
2010	3	12	4130.09	156.5	71.16
2010	3	12	4694.944	156.5	71.16
2010	3	19	-999.99	156.5	71.16
2010	3	19	2033.991	156.5	71.16
2010	3	26	1852.96	156.5	71.16
2010	3	26	1845.976	156.5	71.16
2010	4	2	1823.094	156.5	71.16
2010	4	2	1850.572	156.5	71.16
2010	4	9	2016.054	156.5	71.16
2010	4	9	2000.774	156.5	71.16
2010	4	30	1720.549	156.5	71.16
2010	4	30	1711.525	156.5	71.16
2010	5	14	1093.52	156.5	71.16
2010	5	14	1102.455	156.5	71.16
2010	5	21	1160.303	156.5	71.16
2010	5	21	1160.953	156.5	71.16
2010	5	28	1044.327	156.5	71.16
2010	5	28	1027.511	156.5	71.16
2010	6	10	2716.278	156.5	71.16
2010	6	10	2193.812	156.5	71.16
2010	6	18	932.948	156.5	71.16
2010	6	18	918.15	156.5	71.16
2010	7	8	747.891	156.5	71.16
2010	7	8	754.775	156.5	71.16
2010	7	16	880.318	156.5	71.16
2010	7	16	866.102	156.5	71.16
2010	9	3	873.727	156.5	71.16
2010	9	3	862.307	156.5	71.16
2010	9	10	848.068	156.5	71.16
2010	9	10	815.761	156.5	71.16
2010	9	16	896.318	156.5	71.16
2010	9	16	814.318	156.5	71.16
2010	9	24	924.898	156.5	71.16
2010	9	24	842.489	156.5	71.16
2010	10	1	995.261	156.5	71.16
2010	10	1	937.864	156.5	71.16
2010	10	8	903.216	156.5	71.16
2010	10	8	918.955	156.5	71.16
2010	10	15	979.644	156.5	71.16
2010	10	15	1038.8	156.5	71.16
2010	10	22	1026.444	156.5	71.16
2010	10	22	1006.067	156.5	71.16
2010	10	29	1119.944	156.5	71.16
2010	10	29	1133.96	156.5	71.16
2010	11	5	1404.448	156.5	71.16
2010	11	5	1397.57	156.5	71.16
2010	11	12	1224.767	156.5	71.16
2010	11	12	1218.033	156.5	71.16
2010	11	19	1447.967	156.5	71.16
2010	11	19	1435.411	156.5	71.16
2010	11	26	1459.722	156.5	71.16
2010	11	26	1466.867	156.5	71.16
2010	12	3	1681.494	156.5	71.16
2010	12	3	1693.315	156.5	71.16
2010	12	10	1626.405	156.5	71.16
2010	12	10	1634.663	156.5	71.16
2010	12	17	4130.399	156.5	71.16
2010	12	17	4132.124	156.5	71.16
2010	12	22	1912.16	156.5	71.16
2010	12	22	1908.592	156.5	71.16
2010	12	30	2638	156.5	71.16
2010	12	30	2616.124	156.5	71.16
2011	1	7	855.528	156.5	71.16
2011	1	7	842.559	156.5	71.16
2011	1	14	2054.049	156.5	71.16
2011	1	14	2055.61	156.5	71.16
2011	1	21	3419.636	156.5	71.16
2011	1	21	3397.911	156.5	71.16
2011	1	28	2204.941	156.5	71.16
2011	1	28	2219.237	156.5	71.16
2011	2	4	2167.035	156.5	71.16
2011	2	4	2170.395	156.5	71.16
2011	2	11	2067.919	156.5	71.16
2011	2	11	2067.837	156.5	71.16
2011	2	21	2277.372	156.5	71.16
2011	2	21	2272.488	156.5	71.16
2011	2	28	2198.593	156.5	71.16
2011	2	28	2147.826	156.5	71.16
2011	3	4	2461.64	156.5	71.16
2011	3	4	2442.221	156.5	71.16
2011	3	10	2002.116	156.5	71.16
2011	3	10	1995.43	156.5	71.16
2011	3	18	2000.035	156.5	71.16
2011	3	18	1999.824	156.5	71.16
2011	3	24	1693.897	156.5	71.16
2011	3	24	1676.984	156.5	71.16
2011	4	1	1995.059	156.5	71.16
2011	4	1	1941.456	156.5	71.16
2011	4	7	1283.322	156.5	71.16
2011	4	7	1290.974	156.5	71.16
2011	4	15	1855.738	156.5	71.16
2011	4	15	1810.786	156.5	71.16
2011	4	21	1025.664	156.5	71.16
2011	4	21	1019.905	156.5	71.16
2011	4	26	877.967	156.5	71.16
2011	4	26	898.773	156.5	71.16
2011	5	5	1299.801	156.5	71.16
2011	5	5	1368.072	156.5	71.16
2011	5	10	1114.264	156.5	71.16
2011	5	10	1100.701	156.5	71.16
2011	5	18	985.654	156.5	71.16
2011	5	18	975.339	156.5	71.16
2011	5	25	989.159	156.5	71.16
2011	5	25	999.649	156.5	71.16
2011	5	31	1073.528	156.5	71.16
2011	5	31	1078.388	156.5	71.16
2011	6	6	905.631	156.5	71.16
2011	6	6	914.054	156.5	71.16
2011	6	13	892.196	156.5	71.16
2011	6	13	892.29	156.5	71.16
2011	6	20	858.563	156.5	71.16
2011	6	20	867.839	156.5	71.16
2011	6	27	728.143	156.5	71.16
2011	6	27	754.019	156.5	71.16
2011	7	13	668.128	156.5	71.16
2011	7	13	667.441	156.5	71.16
2011	7	24	623.235	156.5	71.16
2011	7	24	632.796	156.5	71.16
2011	7	26	588.643	156.5	71.16
2011	7	26	584.905	156.5	71.16
2011	8	1	592.251	156.5	71.16
2011	8	1	599.881	156.5	71.16
2011	8	10	734.976	156.5	71.16
2011	8	10	729.194	156.5	71.16
2011	8	15	578.471	156.5	71.16
2011	8	15	585.178	156.5	71.16
2011	8	23	552.263	156.5	71.16
2011	8	23	557.891	156.5	71.16
2011	8	30	705.142	156.5	71.16
2011	8	30	702.512	156.5	71.16
2011	9	10	675.592	156.5	71.16
2011	9	10	617.654	156.5	71.16
2011	9	13	917.607	156.5	71.16
2011	9	13	913.093	156.5	71.16
2011	9	19	860.972	156.5	71.16
2011	9	19	863.104	156.5	71.16
2011	9	26	771.161	156.5	71.16
2011	9	26	800.592	156.5	71.16
2011	10	4	801.78	156.5	71.16
2011	10	13	994.388	156.5	71.16
2011	10	13	986.526	156.5	71.16
2011	10	17	884.822	156.5	71.16
2011	10	17	884.744	156.5	71.16
2011	10	26	1009.413	156.5	71.16
2011	10	26	1013.77	156.5	71.16
2011	11	4	1127.54	156.5	71.16
2011	11	4	1126.411	156.5	71.16
2011	11	8	1144.042	156.5	71.16
2011	11	8	1153.541	156.5	71.16
2011	11	18	1370.334	156.5	71.16
2011	11	18	1359.154	156.5	71.16
2011	11	23	1928.894	156.5	71.16
2011	11	23	1935.666	156.5	71.16
2011	11	28	-999.99	156.5	71.16
2011	11	28	1619.313	156.5	71.16
2011	12	7	1795.368	156.5	71.16
2011	12	7	1791.804	156.5	71.16
2011	12	13	-999.99	156.5	71.16
2011	12	13	1769.287	156.5	71.16
2011	12	20	2159.674	156.5	71.16
2011	12	20	2159.456	156.5	71.16
2011	12	27	2085.455	156.5	71.16
2011	12	27	2098.758	156.5	71.16
2012	1	3	2182.55	156.5	71.16
2012	1	3	2200.311	156.5	71.16
2012	1	11	2000.725	156.5	71.16
2012	1	11	2007.956	156.5	71.16
2012	1	20	1954.44	156.5	71.16
2012	1	20	1944.143	156.5	71.16
2012	1	31	2288.118	156.5	71.16
2012	1	31	2288.53	156.5	71.16
2012	2	6	2444.811	156.5	71.16
2012	2	6	2443.485	156.5	71.16
2012	2	13	1981.978	156.5	71.16
2012	2	13	1993.848	156.5	71.16
2012	2	21	2323.964	156.5	71.16
2012	2	21	2347.751	156.5	71.16
2012	3	1	2172.044	156.5	71.16
2012	3	1	2176.176	156.5	71.16
2012	3	9	1906.923	156.5	71.16
2012	3	9	1905.187	156.5	71.16
2012	3	12	2099.758	156.5	71.16
2012	3	12	2099.428	156.5	71.16
2012	3	21	2071.417	156.5	71.16
2012	3	21	2065.374	156.5	71.16
2012	3	26	1829.009	156.5	71.16
2012	3	26	1831.57	156.5	71.16
2012	4	2	1804.846	156.5	71.16
2012	4	2	1765.297	156.5	71.16
2012	4	9	1549.131	156.5	71.16
2012	4	9	1569.354	156.5	71.16
2012	4	17	1618.085	156.5	71.16
2012	4	17	1628.196	156.5	71.16
2012	5	2	949.866	156.5	71.16
2012	5	2	952.762	156.5	71.16
2012	5	7	1006.158	156.5	71.16
2012	5	7	1019.554	156.5	71.16
2012	5	18	1375.612	156.5	71.16
2012	5	18	1331.347	156.5	71.16
2012	5	21	1241.96	156.5	71.16
2012	5	28	1022.561	156.5	71.16
2012	5	28	1007.773	156.5	71.16
2012	6	11	886.067	156.5	71.16
2012	6	11	896.832	156.5	71.16
2012	6	18	926.484	156.5	71.16
2012	6	18	911.868	156.5	71.16
2012	6	27	782.168	156.5	71.16
2012	6	27	776.64	156.5	71.16
2012	6	27	780.964	156.5	71.16
2012	6	27	758.632	156.5	71.16
2012	7	3	836.202	156.5	71.16
2012	7	3	884.506	156.5	71.16
2012	7	9	732.308	156.5	71.16
2012	7	9	729.516	156.5	71.16
2012	7	20	700.09	156.5	71.16
2012	7	20	690.899	156.5	71.16
2012	7	25	825.626	156.5	71.16
2012	7	25	820.484	156.5	71.16
2012	8	1	704.832	156.5	71.16
2012	8	1	698.434	156.5	71.16
2012	8	10	673.893	156.5	71.16
2012	8	10	672.61	156.5	71.16
2012	8	23	2242.615	156.5	71.16
2012	8	23	2235.011	156.5	71.16
2012	8	30	889.597	156.5	71.16
2012	8	30	891.409	156.5	71.16
2012	9	10	964.496	156.5	71.16
2012	9	10	940.099	156.5	71.16
2012	9	28	1076.04	156.5	71.16
2012	9	28	1087.215	156.5	71.16
2012	10	4	1129.911	156.5	71.16
2012	10	4	1124.978	156.5	71.16
2012	10	12	1009.978	156.5	71.16
2012	10	12	1006.89	156.5	71.16
2012	10	19	1145.157	156.5	71.16
2012	10	19	1134.161	156.5	71.16
2012	10	26	1222.879	156.5	71.16
2012	10	26	1223.978	156.5	71.16
2012	11	9	1641.033	156.5	71.16
2012	11	9	1636.857	156.5	71.16
2012	11	16	1567.835	156.5	71.16
2012	11	16	1562.374	156.5	71.16
2012	11	22	1573.632	156.5	71.16
2012	11	22	1579.847	156.5	71.16
2012	11	26	1533.401	156.5	71.16
2012	11	26	1544.099	156.5	71.16
2012	12	5	1649.945	156.5	71.16
2012	12	5	1647.877	156.5	71.16
2012	12	10	1700.722	156.5	71.16
2012	12	10	1697.112	156.5	71.16
2012	12	17	1727.713	156.5	71.16
2012	12	17	1731.444	156.5	71.16
2012	12	26	1887.286	156.5	71.16
2012	12	26	1880.81	156.5	71.16
2012	12	31	2224.103	156.5	71.16
2012	12	31	2227.87	156.5	71.16
2013	1	7	2037.87	156.5	71.16
2013	1	7	2042.052	156.5	71.16
2013	1	16	2235.09	156.5	71.16
2013	1	16	2231.926	156.5	71.16
2013	1	22	3593.543	156.5	71.16
2013	1	22	3601.345	156.5	71.16
2013	1	30	2266.704	156.5	71.16
2013	1	30	2253.901	156.5	71.16
2013	2	8	2836.036	156.5	71.16
2013	2	8	2811.374	156.5	71.16
2013	2	11	3465.079	156.5	71.16
2013	2	11	3454.482	156.5	71.16
2013	2	20	2437.14	156.5	71.16
2013	2	20	2434.572	156.5	71.16
2013	2	25	2402.202	156.5	71.16
2013	2	25	2398.247	156.5	71.16
2013	3	5	2538.562	156.5	71.16
2013	3	5	2546.921	156.5	71.16
2013	3	13	3168.247	156.5	71.16
2013	3	13	3188.113	156.5	71.16
2013	3	20	2693.753	156.5	71.16
2013	3	20	2667.303	156.5	71.16
2013	3	25	1651.457	156.5	71.16
2013	3	25	1643.587	156.5	71.16
2013	4	1	2077.011	156.5	71.16
2013	4	1	2088.966	156.5	71.16
2013	4	12	1677.813	156.5	71.16
2013	4	12	1727.539	156.5	71.16
2013	4	12	1684.967	156.5	71.16
2013	4	12	1679.956	156.5	71.16
2013	4	16	1250.286	156.5	71.16
2013	4	16	1256.022	156.5	71.16
2013	4	16	1373.252	156.5	71.16
2013	4	16	1362.784	156.5	71.16
2013	4	26	995.605	156.5	71.16
2013	4	26	947.444	156.5	71.16
2013	4	30	783.022	156.5	71.16
2013	4	30	795.099	156.5	71.16
2013	5	9	1408.374	156.5	71.16
2013	5	9	1391.505	156.5	71.16
2013	5	16	2033.029	156.5	71.16
2013	5	16	2035.501	156.5	71.16
2013	5	20	1023.073	156.5	71.16
2013	5	20	1022.149	156.5	71.16
2013	5	28	1224.45	156.5	71.16
2013	5	28	1228.681	156.5	71.16
2013	6	3	859.429	156.5	71.16
2013	6	3	859.022	156.5	71.16
2013	6	13	912.762	156.5	71.16
2013	6	13	914.833	156.5	71.16
2013	6	17	1053.252	156.5	71.16
2013	6	17	1055.334	156.5	71.16
2013	6	24	804.477	156.5	71.16
2013	6	24	805.445	156.5	71.16
2013	7	2	804.877	156.5	71.16
2013	7	2	804.564	156.5	71.16
2013	7	8	768.82	156.5	71.16
2013	7	8	768.942	156.5	71.16
2013	7	16	870.278	156.5	71.16
2013	7	16	869.298	156.5	71.16
2013	7	26	797.884	156.5	71.16
2013	7	26	811.96	156.5	71.16
2013	8	1	646.793	156.5	71.16
2013	8	1	647.706	156.5	71.16
2013	8	6	636.6	156.5	71.16
2013	8	6	638.468	156.5	71.16
2013	8	12	1276.376	156.5	71.16
2013	8	12	1263.982	156.5	71.16
2013	8	19	603.875	156.5	71.16
2013	8	19	601.67	156.5	71.16
2013	8	26	637.639	156.5	71.16
2013	8	26	644.621	156.5	71.16
2013	9	4	722.918	156.5	71.16
2013	9	4	710.59	156.5	71.16
2013	9	9	742.405	156.5	71.16
2013	9	9	736.414	156.5	71.16
2013	9	16	741.091	156.5	71.16
2013	9	16	751.47	156.5	71.16
2013	9	27	-999.99	156.5	71.16
2013	9	27	-999.99	156.5	71.16
2013	10	1	794.655	156.5	71.16
2013	10	1	800.011	156.5	71.16
2013	10	7	945.88	156.5	71.16
2013	10	7	948.53	156.5	71.16
2013	10	16	1000.217	156.5	71.16
2013	10	16	1031.985	156.5	71.16
2013	10	25	1240.358	156.5	71.16
2013	10	25	1243.427	156.5	71.16
2013	10	30	1228.937	156.5	71.16
2013	10	30	1231.41	156.5	71.16
2013	11	7	1309.755	156.5	71.16
2013	11	7	1307.611	156.5	71.16
2013	11	15	1395.488	156.5	71.16
2013	11	15	1393.601	156.5	71.16
2013	11	22	1404.859	156.5	71.16
2013	11	22	1395.488	156.5	71.16
2013	11	25	1542.245	156.5	71.16
2013	11	25	1545.033	156.5	71.16
2013	12	2	1695.956	156.5	71.16
2013	12	2	1676.8	156.5	71.16
2013	12	11	2274.4	156.5	71.16
2013	12	11	2277.089	156.5	71.16
2013	12	20	1857.7	156.5	71.16
2013	12	20	1871.589	156.5	71.16
2013	12	27	2429.022	156.5	71.16
2013	12	27	2471.022	156.5	71.16
2013	12	30	2531.521	156.5	71.16
2013	12	30	2540	156.5	71.16
2014	1	6	2207.024	156.5	71.16
2014	1	6	2248.238	156.5	71.16
2014	1	17	2287.794	156.5	71.16
2014	1	17	2312.846	156.5	71.16
2014	1	27	2257.494	156.5	71.16
2014	1	27	2312.702	156.5	71.16
2014	2	4	2331.857	156.5	71.16
2014	2	4	2306.689	156.5	71.16
2014	2	12	3487.315	156.5	71.16
2014	2	12	3510.492	156.5	71.16
2014	2	21	2080.559	156.5	71.16
2014	2	21	2187.964	156.5	71.16
2014	2	24	2928.217	156.5	71.16
2014	3	7	2202.886	156.5	71.16
2014	3	7	2168.345	156.5	71.16
2014	3	11	2749.537	156.5	71.16
2014	3	11	2748.786	156.5	71.16
2014	3	17	2328.057	156.5	71.16
2014	3	17	2328.256	156.5	71.16
2014	3	26	2131.137	156.5	71.16
2014	3	26	2124.834	156.5	71.16
2014	3	31	1929.536	156.5	71.16
2014	3	31	1958.013	156.5	71.16
2014	4	18	1602.875	156.5	71.16
2014	4	18	1609.732	156.5	71.16
2014	4	21	1860.342	156.5	71.16
2014	4	21	-999.99	156.5	71.16
2014	4	28	1336.175	156.5	71.16
2014	4	28	1331.879	156.5	71.16
2014	5	9	592.946	156.5	71.16
2014	5	9	573.205	156.5	71.16
2014	5	16	1410.067	156.5	71.16
2014	5	16	1411.214	156.5	71.16
2014	5	23	921.197	156.5	71.16
2014	5	23	910.358	156.5	71.16
2014	5	27	788.976	156.5	71.16
2014	5	27	775.1	156.5	71.16
2014	6	2	791.505	156.5	71.16
2014	6	2	794.248	156.5	71.16
2014	6	9	1013.984	156.5	71.16
2014	6	9	1029.729	156.5	71.16
2014	6	16	1252.084	156.5	71.16
2014	6	16	1280.08	156.5	71.16
2014	6	25	888.837	156.5	71.16
2014	6	25	902.125	156.5	71.16
2014	6	30	1055.262	156.5	71.16
2014	6	30	1054.579	156.5	71.16
2014	7	7	762.264	156.5	71.16
2014	7	7	751.198	156.5	71.16
2014	7	23	702.254	156.5	71.16
2014	7	23	674.256	156.5	71.16
2014	7	28	649.595	156.5	71.16
2014	7	28	640.197	156.5	71.16
2014	8	4	657.066	156.5	71.16
2014	8	4	657.945	156.5	71.16
2014	8	11	706.346	156.5	71.16
2014	8	11	712.582	156.5	71.16
2014	8	22	793.107	156.5	71.16
2014	8	22	789.825	156.5	71.16
2014	8	25	882.845	156.5	71.16
2014	8	25	887.768	156.5	71.16
2014	9	5	912.232	156.5	71.16
2014	9	5	930.153	156.5	71.16
2014	9	9	950.066	156.5	71.16
2014	9	9	983.956	156.5	71.16
2014	9	15	1016.521	156.5	71.16
2014	9	15	1010.667	156.5	71.16
2014	9	26	1030.438	156.5	71.16
2014	9	26	1030.263	156.5	71.16
2014	10	3	1163.758	156.5	71.16
2014	10	3	1161.071	156.5	71.16
2014	10	10	1210	156.5	71.16
2014	10	10	1208.783	156.5	71.16
2014	10	13	1096.085	156.5	71.16
2014	10	13	1092.729	156.5	71.16
2014	10	20	1209.934	156.5	71.16
2014	10	20	1243.894	156.5	71.16
2014	10	31	1220.044	156.5	71.16
2014	10	31	1236.132	156.5	71.16
2014	11	3	1273.474	156.5	71.16
2014	11	3	1276.242	156.5	71.16
2014	11	14	1400	156.5	71.16
2014	11	14	1409.281	156.5	71.16
2014	11	17	1499.336	156.5	71.16
2014	11	17	1540.819	156.5	71.16
2014	11	24	1874.351	156.5	71.16
2014	11	24	1877.244	156.5	71.16
2014	12	1	1991.149	156.5	71.16
2014	12	8	2040.478	156.5	71.16
2014	12	8	2042.119	156.5	71.16
2014	12	15	2334.934	156.5	71.16
2014	12	15	2323.54	156.5	71.16
2014	12	24	2094.518	156.5	71.16
2014	12	24	2072.657	156.5	71.16
2014	12	30	2135.034	156.5	71.16
2014	12	30	2153.677	156.5	71.16
2015	1	12	2677.646	156.5	71.16
2015	1	12	2693.722	156.5	71.16
2015	1	19	2437.057	156.5	71.16
2015	1	19	2424.093	156.5	71.16
2015	1	30	2342.948	156.5	71.16
2015	1	30	2348.273	156.5	71.16
2015	2	5	3950.807	156.5	71.16
2015	2	5	3994.361	156.5	71.16
2015	2	11	3190.92	156.5	71.16
2015	2	11	3202.605	156.5	71.16
2015	2	16	2572.915	156.5	71.16
2015	2	16	2585.191	156.5	71.16
2015	2	23	2857.395	156.5	71.16
2015	2	23	3023.392	156.5	71.16
2015	3	2	2835.314	156.5	71.16
2015	3	2	2862.96	156.5	71.16
2015	3	13	2474.911	156.5	71.16
2015	3	13	2494.912	156.5	71.16
2015	3	16	2438.818	156.5	71.16
2015	3	16	2525.484	156.5	71.16
2015	3	24	1942.635	156.5	71.16
2015	3	24	1938.468	156.5	71.16
2015	3	30	2253.311	156.5	71.16
2015	3	30	2251.385	156.5	71.16
2015	4	6	2252.984	156.5	71.16
2015	4	6	2233.469	156.5	71.16
2015	4	14	1487.725	156.5	71.16
2015	4	14	1487.117	156.5	71.16
2015	4	20	2050.698	156.5	71.16
2015	4	20	2026.216	156.5	71.16
2015	4	30	1570.447	156.5	71.16
2015	4	30	1574.955	156.5	71.16
2015	5	6	1461.484	156.5	71.16
2015	5	6	1498.013	156.5	71.16
2015	5	13	1195.045	156.5	71.16
2015	5	13	1170.246	156.5	71.16
2015	5	18	1807.051	156.5	71.16
2015	5	18	1799.335	156.5	71.16
2015	5	27	1308.969	156.5	71.16
2015	5	27	1316.663	156.5	71.16
2015	6	4	1080.931	156.5	71.16
2015	6	4	1044.346	156.5	71.16
2015	6	12	1135.355	156.5	71.16
2015	6	12	1139.956	156.5	71.16
2015	6	19	1024.2	156.5	71.16
2015	6	19	1050.222	156.5	71.16
2015	6	26	-999.99	156.5	71.16
2015	6	26	1160.022	156.5	71.16
2015	6	29	1158.467	156.5	71.16
2015	6	29	1170.333	156.5	71.16
2005	5	12	251.258	170.6	-14.1
2005	5	12	242.621	170.6	-14.1
2006	1	19	309.832	170.6	-14.1
2006	1	19	334.817	170.6	-14.1
2006	2	14	318.399	170.6	-14.1
2006	2	14	346.57	170.6	-14.1
2006	2	27	222.243	170.6	-14.1
2006	2	27	214.23	170.6	-14.1
2006	3	6	170.366	170.6	-14.1
2006	3	6	162.729	170.6	-14.1
2006	3	15	350.993	170.6	-14.1
2006	3	15	415.086	170.6	-14.1
2006	3	27	155.056	170.6	-14.1
2006	3	27	216.593	170.6	-14.1
2006	4	3	193.036	170.6	-14.1
2006	4	3	225.908	170.6	-14.1
2006	4	10	164.593	170.6	-14.1
2006	4	10	167.426	170.6	-14.1
2006	4	20	192.204	170.6	-14.1
2006	4	20	186.389	170.6	-14.1
2006	4	25	115.833	170.6	-14.1
2006	4	25	115.148	170.6	-14.1
2006	5	2	184.37	170.6	-14.1
2006	5	2	212.056	170.6	-14.1
2006	5	11	141.966	170.6	-14.1
2006	5	18	236.5	170.6	-14.1
2006	5	18	343.824	170.6	-14.1
2006	5	18	251.204	170.6	-14.1
2006	5	18	333.036	170.6	-14.1
2006	5	23	330.076	170.6	-14.1
2006	5	23	298.75	170.6	-14.1
2006	5	30	173.613	170.6	-14.1
2006	5	30	161.067	170.6	-14.1
2006	6	8	210.427	170.6	-14.1
2006	6	8	157.012	170.6	-14.1
2006	6	14	187.942	170.6	-14.1
2006	6	14	215.442	170.6	-14.1
2006	6	28	269.719	170.6	-14.1
2006	6	28	331.438	170.6	-14.1
2006	7	6	257.406	170.6	-14.1
2006	7	6	254.547	170.6	-14.1
2006	7	13	229.062	170.6	-14.1
2006	7	13	-999.99	170.6	-14.1
2006	7	19	218.922	170.6	-14.1
2006	7	19	217.875	170.6	-14.1
2006	7	28	328.031	170.6	-14.1
2006	7	28	263.219	170.6	-14.1
2006	8	3	353.609	170.6	-14.1
2006	8	3	288.812	170.6	-14.1
2006	8	10	394.844	170.6	-14.1
2006	8	10	395.531	170.6	-14.1
2006	8	17	-999.99	170.6	-14.1
2006	8	17	307.039	170.6	-14.1
2006	8	28	294.792	170.6	-14.1
2006	8	28	323.705	170.6	-14.1
2006	9	6	238.944	170.6	-14.1
2006	9	6	293.765	170.6	-14.1
2006	9	25	284.486	170.6	-14.1
2006	9	25	313.557	170.6	-14.1
2006	10	5	373.529	170.6	-14.1
2006	10	5	309.7	170.6	-14.1
2006	10	5	222.024	170.6	-14.1
2006	10	5	206.696	170.6	-14.1
2006	10	11	319.529	170.6	-14.1
2006	10	11	255.929	170.6	-14.1
2006	10	16	357.6	170.6	-14.1
2006	10	16	319.814	170.6	-14.1
2006	10	30	439.465	170.6	-14.1
2006	10	30	309.338	170.6	-14.1
2006	11	7	269.056	170.6	-14.1
2006	11	7	278.606	170.6	-14.1
2006	11	21	265.197	170.6	-14.1
2006	11	21	326.662	170.6	-14.1
2006	12	7	235.887	170.6	-14.1
2006	12	7	208.859	170.6	-14.1
2007	1	3	375.928	170.6	-14.1
2007	1	3	329.032	170.6	-14.1
2007	1	16	247.467	170.6	-14.1
2007	1	16	213.554	170.6	-14.1
2007	1	24	167.44	170.6	-14.1
2007	1	24	171.963	170.6	-14.1
2007	1	29	185.053	170.6	-14.1
2007	1	29	205.358	170.6	-14.1
2007	2	8	406.377	170.6	-14.1
2007	2	8	390.551	170.6	-14.1
2007	2	14	297.666	170.6	-14.1
2007	2	14	301.844	170.6	-14.1
2007	2	23	218.476	170.6	-14.1
2007	2	23	225.554	170.6	-14.1
2007	2	27	273.033	170.6	-14.1
2007	2	27	262.881	170.6	-14.1
2007	3	6	234.875	170.6	-14.1
2007	3	6	237.036	170.6	-14.1
2007	3	14	209.501	170.6	-14.1
2007	3	14	204.391	170.6	-14.1
2007	3	23	264.501	170.6	-14.1
2007	3	23	234.903	170.6	-14.1
2007	3	28	211.87	170.6	-14.1
2007	3	28	211.994	170.6	-14.1
2007	4	12	111.763	170.6	-14.1
2007	4	12	126.804	170.6	-14.1
2007	4	19	209.077	170.6	-14.1
2007	4	19	191.639	170.6	-14.1
2007	4	26	149.972	170.6	-14.1
2007	4	26	150.083	170.6	-14.1
2007	5	1	155.822	170.6	-14.1
2007	5	1	162.744	170.6	-14.1
2007	5	11	295.354	170.6	-14.1
2007	5	11	264.976	170.6	-14.1
2007	5	16	227.972	170.6	-14.1
2007	5	16	-999.99	170.6	-14.1
2007	5	25	221.235	170.6	-14.1
2007	5	25	209.113	170.6	-14.1
2007	5	30	203.442	170.6	-14.1
2007	5	30	206.005	170.6	-14.1
2007	6	5	210.696	170.6	-14.1
2007	6	5	221.351	170.6	-14.1
2007	6	15	248.462	170.6	-14.1
2007	6	15	223.283	170.6	-14.1
2007	6	21	211.621	170.6	-14.1
2007	6	21	200.165	170.6	-14.1
2007	6	28	273.695	170.6	-14.1
2007	6	28	230.934	170.6	-14.1
2007	7	6	236.978	170.6	-14.1
2007	7	6	239.684	170.6	-14.1
2007	7	12	213.392	170.6	-14.1
2007	7	12	211.394	170.6	-14.1
2007	7	20	-999.99	170.6	-14.1
2007	7	20	-999.99	170.6	-14.1
2007	7	27	233.806	170.6	-14.1
2007	7	27	230.05	170.6	-14.1
2007	8	2	244.623	170.6	-14.1
2007	8	2	231.018	170.6	-14.1
2007	8	9	219.384	170.6	-14.1
2007	8	9	226.407	170.6	-14.1
2007	8	16	170.462	170.6	-14.1
2007	8	16	-999.99	170.6	-14.1
2007	8	29	250.744	170.6	-14.1
2007	8	29	204.936	170.6	-14.1
2007	9	13	209.924	170.6	-14.1
2007	9	13	236.389	170.6	-14.1
2007	9	25	215.505	170.6	-14.1
2007	9	25	212.361	170.6	-14.1
2007	10	3	308.175	170.6	-14.1
2007	10	3	273.732	170.6	-14.1
2007	10	11	330.212	170.6	-14.1
2007	10	11	327.193	170.6	-14.1
2007	10	18	346.947	170.6	-14.1
2007	10	18	342.475	170.6	-14.1
2007	10	23	296.118	170.6	-14.1
2007	10	23	285.49	170.6	-14.1
2007	10	31	378.002	170.6	-14.1
2007	10	31	326.181	170.6	-14.1
2007	11	6	272.676	170.6	-14.1
2007	11	6	285.942	170.6	-14.1
2007	11	16	278.028	170.6	-14.1
2007	11	16	310.955	170.6	-14.1
2007	11	21	271.804	170.6	-14.1
2007	11	21	288.384	170.6	-14.1
2007	11	28	300.413	170.6	-14.1
2007	11	28	268.243	170.6	-14.1
2007	12	4	276.722	170.6	-14.1
2007	12	4	278.125	170.6	-14.1
2007	12	13	253.58	170.6	-14.1
2007	12	13	247.55	170.6	-14.1
2007	12	19	177.465	170.6	-14.1
2007	12	19	186.851	170.6	-14.1
2008	1	3	277.111	170.6	-14.1
2008	1	3	257.571	170.6	-14.1
2008	1	10	313.235	170.6	-14.1
2008	1	10	336.801	170.6	-14.1
2008	1	18	313.614	170.6	-14.1
2008	1	18	280.901	170.6	-14.1
2008	1	25	370.261	170.6	-14.1
2008	1	25	374.55	170.6	-14.1
2008	1	30	266.232	170.6	-14.1
2008	1	30	216.623	170.6	-14.1
2008	2	7	419.93	170.6	-14.1
2008	2	7	369.872	170.6	-14.1
2008	2	14	515.713	170.6	-14.1
2008	2	14	363.668	170.6	-14.1
2008	2	19	258.633	170.6	-14.1
2008	2	19	262.313	170.6	-14.1
2008	2	27	-999.99	170.6	-14.1
2008	2	27	204.171	170.6	-14.1
2008	3	6	246.694	170.6	-14.1
2008	3	6	237.558	170.6	-14.1
2008	3	12	398.271	170.6	-14.1
2008	3	12	347.442	170.6	-14.1
2008	3	26	383.113	170.6	-14.1
2008	3	26	129.868	170.6	-14.1
2008	4	3	276.259	170.6	-14.1
2008	4	3	261.888	170.6	-14.1
2008	4	10	193.232	170.6	-14.1
2008	4	10	177.5	170.6	-14.1
2008	4	17	256.085	170.6	-14.1
2008	4	17	237.195	170.6	-14.1
2008	5	2	226.177	170.6	-14.1
2008	5	2	213.107	170.6	-14.1
2008	5	6	182.524	170.6	-14.1
2008	5	6	164.126	170.6	-14.1
2008	5	13	215.024	170.6	-14.1
2008	5	13	227.306	170.6	-14.1
2008	5	22	200.959	170.6	-14.1
2008	5	22	206.42	170.6	-14.1
2008	5	28	190.232	170.6	-14.1
2008	5	28	197.61	170.6	-14.1
2008	6	4	241.848	170.6	-14.1
2008	6	4	213.056	170.6	-14.1
2008	6	12	317.838	170.6	-14.1
2008	6	12	233.056	170.6	-14.1
2008	6	20	219.42	170.6	-14.1
2008	6	20	212.331	170.6	-14.1
2008	6	26	290.849	170.6	-14.1
2008	6	26	240.825	170.6	-14.1
2008	7	3	251.354	170.6	-14.1
2008	7	3	217.622	170.6	-14.1
2008	7	10	221.594	170.6	-14.1
2008	7	10	240.181	170.6	-14.1
2008	7	16	261.099	170.6	-14.1
2008	7	16	243.768	170.6	-14.1
2008	7	25	277.482	170.6	-14.1
2008	7	25	272.398	170.6	-14.1
2008	7	30	281.463	170.6	-14.1
2008	7	30	294.556	170.6	-14.1
2008	8	7	227.186	170.6	-14.1
2008	8	7	237.995	170.6	-14.1
2008	8	14	325.809	170.6	-14.1
2008	8	14	256.896	170.6	-14.1
2008	8	21	243.986	170.6	-14.1
2008	8	21	232.162	170.6	-14.1
2008	8	27	226.378	170.6	-14.1
2008	8	27	235.317	170.6	-14.1
2008	9	5	253.345	170.6	-14.1
2008	9	5	233.297	170.6	-14.1
2008	9	11	247.44	170.6	-14.1
2008	9	11	223.176	170.6	-14.1
2008	9	18	180.714	170.6	-14.1
2008	9	18	165.095	170.6	-14.1
2008	9	25	285.56	170.6	-14.1
2008	9	25	193.381	170.6	-14.1
2008	10	2	260.121	170.6	-14.1
2008	10	2	231.232	170.6	-14.1
2008	10	9	279.275	170.6	-14.1
2008	10	9	320.302	170.6	-14.1
2008	10	16	217.096	170.6	-14.1
2008	10	16	249.375	170.6	-14.1
2008	10	23	231.966	170.6	-14.1
2008	10	23	-999.99	170.6	-14.1
2008	10	31	282.244	170.6	-14.1
2008	10	31	208.256	170.6	-14.1
2008	11	6	239.464	170.6	-14.1
2008	11	6	220.286	170.6	-14.1
2008	11	13	238.039	170.6	-14.1
2008	11	13	223.358	170.6	-14.1
2008	11	26	228.393	170.6	-14.1
2008	11	26	182.488	170.6	-14.1
2008	12	4	198.988	170.6	-14.1
2008	12	4	164.667	170.6	-14.1
2008	12	11	194.925	170.6	-14.1
2008	12	11	169.277	170.6	-14.1
2008	12	18	296.801	170.6	-14.1
2008	12	18	319.377	170.6	-14.1
2008	12	18	288.836	170.6	-14.1
2008	12	18	306.82	170.6	-14.1
2008	12	23	190.473	170.6	-14.1
2008	12	23	195.398	170.6	-14.1
2008	12	31	141.43	170.6	-14.1
2008	12	31	137.512	170.6	-14.1
2009	1	8	210	170.6	-14.1
2009	1	8	219.851	170.6	-14.1
2009	1	15	305.841	170.6	-14.1
2009	1	15	305.841	170.6	-14.1
2009	1	22	181.545	170.6	-14.1
2009	1	22	186.241	170.6	-14.1
2009	1	30	191.244	170.6	-14.1
2009	1	30	180.597	170.6	-14.1
2009	2	4	223.333	170.6	-14.1
2009	2	4	225.368	170.6	-14.1
2009	2	13	306.422	170.6	-14.1
2009	2	13	295.858	170.6	-14.1
2009	2	19	142.354	170.6	-14.1
2009	2	19	139.683	170.6	-14.1
2009	2	26	174.927	170.6	-14.1
2009	2	26	174.489	170.6	-14.1
2009	3	5	340.949	170.6	-14.1
2009	3	5	345.183	170.6	-14.1
2009	3	12	227.177	170.6	-14.1
2009	3	12	228.333	170.6	-14.1
2009	3	19	342.706	170.6	-14.1
2009	3	19	338.479	170.6	-14.1
2009	3	26	151.384	170.6	-14.1
2009	3	26	157.805	170.6	-14.1
2009	4	2	309.975	170.6	-14.1
2009	4	2	311.783	170.6	-14.1
2009	4	9	146.555	170.6	-14.1
2009	4	9	150.025	170.6	-14.1
2009	4	17	181.776	170.6	-14.1
2009	4	17	234.903	170.6	-14.1
2009	4	24	150.659	170.6	-14.1
2009	4	24	154.951	170.6	-14.1
2009	5	1	299.319	170.6	-14.1
2009	5	1	189.148	170.6	-14.1
2009	5	8	232.256	170.6	-14.1
2009	5	8	231.366	170.6	-14.1
2009	5	14	225.402	170.6	-14.1
2009	5	14	180.695	170.6	-14.1
2009	5	19	183.646	170.6	-14.1
2009	5	19	183.256	170.6	-14.1
2009	5	28	189.573	170.6	-14.1
2009	5	28	182.037	170.6	-14.1
2009	6	5	229.769	170.6	-14.1
2009	6	5	265.146	170.6	-14.1
2009	6	11	211.022	170.6	-14.1
2009	6	11	215.401	170.6	-14.1
2009	6	19	201.476	170.6	-14.1
2009	6	19	205.841	170.6	-14.1
2009	6	25	215.256	170.6	-14.1
2009	6	25	218.735	170.6	-14.1
2009	7	2	184.27	170.6	-14.1
2009	7	2	188.224	170.6	-14.1
2009	7	10	188.969	170.6	-14.1
2009	7	10	202.148	170.6	-14.1
2009	7	17	233.224	170.6	-14.1
2009	7	17	237.993	170.6	-14.1
2009	7	23	-999.99	170.6	-14.1
2009	7	23	-999.99	170.6	-14.1
2009	7	30	232.041	170.6	-14.1
2009	8	7	218.573	170.6	-14.1
2009	8	7	222.841	170.6	-14.1
2009	8	13	210.628	170.6	-14.1
2009	8	13	194.263	170.6	-14.1
2009	8	20	199.27	170.6	-14.1
2009	8	20	198.735	170.6	-14.1
2009	8	28	280.049	170.6	-14.1
2009	8	28	280.073	170.6	-14.1
2009	9	4	221.338	170.6	-14.1
2009	9	4	165.049	170.6	-14.1
2009	9	11	249.258	170.6	-14.1
2009	9	11	249.088	170.6	-14.1
2009	9	17	220.706	170.6	-14.1
2009	9	17	224.672	170.6	-14.1
2009	10	23	240.821	170.6	-14.1
2009	10	23	165.423	170.6	-14.1
2009	10	30	200.93	170.6	-14.1
2009	10	30	211.147	170.6	-14.1
2009	11	6	185.761	170.6	-14.1
2009	11	6	188.394	170.6	-14.1
2009	11	12	177.597	170.6	-14.1
2009	11	12	174.251	170.6	-14.1
2009	11	28	229.65	170.6	-14.1
2009	11	28	231.027	170.6	-14.1
2009	12	4	213.581	170.6	-14.1
2009	12	4	199.279	170.6	-14.1
2009	12	11	217.838	170.6	-14.1
2009	12	11	217.523	170.6	-14.1
2009	12	18	186.971	170.6	-14.1
2009	12	18	190.856	170.6	-14.1
2009	12	24	163.547	170.6	-14.1
2009	12	24	178.851	170.6	-14.1
2009	12	30	190.878	170.6	-14.1
2009	12	30	202.883	170.6	-14.1
2010	1	8	154.932	170.6	-14.1
2010	1	8	171.734	170.6	-14.1
2010	1	22	152.252	170.6	-14.1
2010	1	22	150.653	170.6	-14.1
2010	1	28	286.435	170.6	-14.1
2010	1	28	261.323	170.6	-14.1
2010	2	5	120.135	170.6	-14.1
2010	2	5	128.57	170.6	-14.1
2010	2	25	266.715	170.6	-14.1
2010	2	25	249.114	170.6	-14.1
2010	3	11	217.915	170.6	-14.1
2010	3	11	209.193	170.6	-14.1
2010	3	18	165.605	170.6	-14.1
2010	3	18	154.451	170.6	-14.1
2010	7	3	228.409	170.6	-14.1
2010	7	3	207.807	170.6	-14.1
2010	7	9	203.75	170.6	-14.1
2010	7	9	231.227	170.6	-14.1
2010	7	16	196.591	170.6	-14.1
2010	7	16	169.477	170.6	-14.1
2010	8	20	214.722	170.6	-14.1
2010	8	20	195.633	170.6	-14.1
2010	8	28	161.693	170.6	-14.1
2010	8	28	165.352	170.6	-14.1
2010	9	2	191.455	170.6	-14.1
2010	9	2	199.682	170.6	-14.1
2010	9	10	201.739	170.6	-14.1
2010	9	10	197.352	170.6	-14.1
2010	9	10	232.636	170.6	-14.1
2010	9	10	255.034	170.6	-14.1
2010	9	16	291.784	170.6	-14.1
2010	9	16	257.296	170.6	-14.1
2010	9	23	274.5	170.6	-14.1
2010	9	23	260.211	170.6	-14.1
2010	10	1	261.711	170.6	-14.1
2010	10	1	234.167	170.6	-14.1
2010	10	12	233.367	170.6	-14.1
2010	10	12	230.756	170.6	-14.1
2010	10	22	331.978	170.6	-14.1
2010	10	22	282.844	170.6	-14.1
2010	10	29	333.078	170.6	-14.1
2010	10	29	312.611	170.6	-14.1
2010	11	5	261.596	170.6	-14.1
2010	11	5	274.461	170.6	-14.1
2010	12	2	303.24	170.6	-14.1
2010	12	2	318.639	170.6	-14.1
2010	12	8	198.899	170.6	-14.1
2010	12	8	173.079	170.6	-14.1
2010	12	15	201.326	170.6	-14.1
2010	12	15	208.517	170.6	-14.1
2010	12	22	209.202	170.6	-14.1
2010	12	22	207.438	170.6	-14.1
2010	12	28	-999.99	170.6	-14.1
2010	12	28	228.052	170.6	-14.1
2011	1	5	283.872	170.6	-14.1
2011	1	5	337.651	170.6	-14.1
2011	1	12	233.639	170.6	-14.1
2011	1	12	254.163	170.6	-14.1
2011	1	19	250.211	170.6	-14.1
2011	1	19	281.279	170.6	-14.1
2011	1	19	322.418	170.6	-14.1
2011	1	19	329.544	170.6	-14.1
2011	1	27	266.385	170.6	-14.1
2011	1	27	266.103	170.6	-14.1
2011	2	2	153.047	170.6	-14.1
2011	2	2	150.465	170.6	-14.1
2011	2	11	337.384	170.6	-14.1
2011	2	11	323.326	170.6	-14.1
2011	2	23	209.198	170.6	-14.1
2011	2	23	199.326	170.6	-14.1
2011	5	25	142.886	170.6	-14.1
2011	5	25	160.923	170.6	-14.1
2011	6	15	170.829	170.6	-14.1
2011	6	15	184.206	170.6	-14.1
2011	6	22	168.94	170.6	-14.1
2011	6	22	166.226	170.6	-14.1
2011	7	1	177.95	170.6	-14.1
2011	7	1	169.858	170.6	-14.1
2011	7	6	183.81	170.6	-14.1
2011	7	6	184.143	170.6	-14.1
2011	7	14	190.024	170.6	-14.1
2011	7	14	196.274	170.6	-14.1
2011	7	20	189.668	170.6	-14.1
2011	7	20	196.161	170.6	-14.1
2011	7	27	184.941	170.6	-14.1
2011	7	27	437.18	170.6	-14.1
2011	8	6	208.211	170.6	-14.1
2011	8	6	191.706	170.6	-14.1
2011	8	11	178.922	170.6	-14.1
2011	8	11	179.36	170.6	-14.1
2011	8	17	179.419	170.6	-14.1
2011	8	17	182.701	170.6	-14.1
2011	8	26	215.711	170.6	-14.1
2011	8	26	211.043	170.6	-14.1
2011	8	31	191.801	170.6	-14.1
2011	8	31	197.346	170.6	-14.1
2011	9	7	170.304	170.6	-14.1
2011	9	7	227.239	170.6	-14.1
2011	9	15	186.13	170.6	-14.1
2011	9	15	186.946	170.6	-14.1
2011	9	22	212.84	170.6	-14.1
2011	9	22	220.011	170.6	-14.1
2011	9	30	178.042	170.6	-14.1
2011	9	30	194.599	170.6	-14.1
2011	10	8	366.725	170.6	-14.1
2011	10	8	260.242	170.6	-14.1
2011	10	13	245.033	170.6	-14.1
2011	10	13	244.588	170.6	-14.1
2011	10	26	250.646	170.6	-14.1
2011	10	26	224.677	170.6	-14.1
2011	11	6	232.435	170.6	-14.1
2011	11	6	231.5	170.6	-14.1
2011	11	9	270.283	170.6	-14.1
2011	11	9	274.728	170.6	-14.1
2011	11	19	170.429	170.6	-14.1
2011	11	19	168.172	170.6	-14.1
2011	11	24	179.761	170.6	-14.1
2011	11	24	174.261	170.6	-14.1
2011	12	8	242.339	170.6	-14.1
2011	12	8	238.415	170.6	-14.1
2011	12	15	183.282	170.6	-14.1
2011	12	15	174.945	170.6	-14.1
2011	12	22	149.641	170.6	-14.1
2011	12	22	148.033	170.6	-14.1
2012	1	6	285.407	170.6	-14.1
2012	1	13	123.429	170.6	-14.1
2012	1	13	111.659	170.6	-14.1
2012	1	20	271.253	170.6	-14.1
2012	1	20	271.508	170.6	-14.1
2012	1	27	255.056	170.6	-14.1
2012	1	27	287.684	170.6	-14.1
2012	2	2	304	170.6	-14.1
2012	2	2	305.359	170.6	-14.1
2012	2	8	366.879	170.6	-14.1
2012	2	8	380.945	170.6	-14.1
2012	2	16	250.957	170.6	-14.1
2012	2	16	258.217	170.6	-14.1
2012	2	22	230.967	170.6	-14.1
2012	2	22	229.714	170.6	-14.1
2012	3	1	198.846	170.6	-14.1
2012	3	1	182.528	170.6	-14.1
2012	3	8	146.374	170.6	-14.1
2012	3	8	146.418	170.6	-14.1
2012	3	16	234.443	170.6	-14.1
2012	3	16	240.98	170.6	-14.1
2012	3	22	278.22	170.6	-14.1
2012	3	22	280.593	170.6	-14.1
2012	3	28	341.381	170.6	-14.1
2012	3	28	348.151	170.6	-14.1
2012	4	4	175.167	170.6	-14.1
2012	4	4	166.771	170.6	-14.1
2012	4	6	147.372	170.6	-14.1
2012	4	6	159.165	170.6	-14.1
2012	4	12	284.02	170.6	-14.1
2012	4	12	233.196	170.6	-14.1
2012	4	12	212.261	170.6	-14.1
2012	4	19	280.802	170.6	-14.1
2012	4	19	273.296	170.6	-14.1
2012	4	26	224.12	170.6	-14.1
2012	4	26	222.539	170.6	-14.1
2012	5	11	168.814	170.6	-14.1
2012	5	11	195.772	170.6	-14.1
2012	5	17	163.714	170.6	-14.1
2012	5	17	162.304	170.6	-14.1
2012	6	3	190.067	170.6	-14.1
2012	6	3	195.794	170.6	-14.1
2012	6	7	203.188	170.6	-14.1
2012	6	7	218.054	170.6	-14.1
2012	6	15	195.798	170.6	-14.1
2012	6	15	224.629	170.6	-14.1
2012	6	20	199.337	170.6	-14.1
2012	6	20	193.708	170.6	-14.1
2012	6	27	254.539	170.6	-14.1
2012	6	27	258.427	170.6	-14.1
2012	7	5	217.214	170.6	-14.1
2012	7	5	215.685	170.6	-14.1
2012	7	11	212.923	170.6	-14.1
2012	7	11	219.253	170.6	-14.1
2012	8	9	188.363	170.6	-14.1
2012	8	22	228.814	170.6	-14.1
2012	8	22	260.537	170.6	-14.1
2012	8	30	518.07	170.6	-14.1
2012	8	30	483.925	170.6	-14.1
2012	8	30	197.982	170.6	-14.1
2012	8	30	216.656	170.6	-14.1
2012	9	7	218.031	170.6	-14.1
2012	9	7	229.463	170.6	-14.1
2012	9	20	216.79	170.6	-14.1
2012	9	20	220	170.6	-14.1
2012	10	8	200.462	170.6	-14.1
2012	10	8	301.198	170.6	-14.1
2012	10	11	259.923	170.6	-14.1
2012	10	11	252.379	170.6	-14.1
2012	10	18	227.857	170.6	-14.1
2012	10	18	218.506	170.6	-14.1
2012	10	25	237.517	170.6	-14.1
2012	10	25	236.528	170.6	-14.1
2012	10	31	200.985	170.6	-14.1
2012	10	31	201.455	170.6	-14.1
2012	11	14	239.077	170.6	-14.1
2012	11	14	217.67	170.6	-14.1
2012	11	24	173.972	170.6	-14.1
2012	11	24	181.619	170.6	-14.1
2012	11	29	162.995	170.6	-14.1
2012	11	29	-999.99	170.6	-14.1
2012	12	3	182.67	170.6	-14.1
2012	12	3	183.731	170.6	-14.1
2012	12	19	174.442	170.6	-14.1
2012	12	19	152.713	170.6	-14.1
2012	12	27	162.22	170.6	-14.1
2012	12	27	154.664	170.6	-14.1
2013	1	2	237.21	170.6	-14.1
2013	1	2	294.081	170.6	-14.1
2013	1	12	265.89	170.6	-14.1
2013	1	12	267.106	170.6	-14.1
2013	1	22	206.149	170.6	-14.1
2013	1	22	204.741	170.6	-14.1
2013	1	30	487.05	170.6	-14.1
2013	1	30	486.498	170.6	-14.1
2013	2	6	161.059	170.6	-14.1
2013	2	6	156.599	170.6	-14.1
2013	2	13	322.252	170.6	-14.1
2013	2	13	315.991	170.6	-14.1
2013	2	21	325.766	170.6	-14.1
2013	2	21	312.207	170.6	-14.1
2013	2	26	219.302	170.6	-14.1
2013	2	26	212.939	170.6	-14.1
2013	3	6	266.348	170.6	-14.1
2013	3	6	-999.99	170.6	-14.1
2013	3	14	191.056	170.6	-14.1
2013	3	14	196.045	170.6	-14.1
2013	3	20	131.742	170.6	-14.1
2013	3	20	144.056	170.6	-14.1
2013	3	27	255.247	170.6	-14.1
2013	3	27	264.821	170.6	-14.1
2013	4	1	169.865	170.6	-14.1
2013	4	1	163.946	170.6	-14.1
2013	4	17	203.675	170.6	-14.1
2013	4	17	212.962	170.6	-14.1
2013	4	24	274.532	170.6	-14.1
2013	4	24	243.619	170.6	-14.1
2013	5	2	237.884	170.6	-14.1
2013	5	2	235.869	170.6	-14.1
2013	5	8	145.352	170.6	-14.1
2013	5	8	152.989	170.6	-14.1
2013	5	15	197.901	170.6	-14.1
2013	5	15	179.011	170.6	-14.1
2013	5	22	180.69	170.6	-14.1
2013	5	22	179.822	170.6	-14.1
2013	5	31	179.72	170.6	-14.1
2013	5	31	176.174	170.6	-14.1
2013	6	6	187.082	170.6	-14.1
2013	6	6	194.109	170.6	-14.1
2013	6	13	159.265	170.6	-14.1
2013	6	13	159.243	170.6	-14.1
2013	6	21	295.88	170.6	-14.1
2013	6	21	298.931	170.6	-14.1
2013	6	27	224.811	170.6	-14.1
2013	6	27	187.261	170.6	-14.1
2013	7	4	214.776	170.6	-14.1
2013	7	4	217.573	170.6	-14.1
2013	7	11	216.448	170.6	-14.1
2013	7	11	247.528	170.6	-14.1
2013	7	19	228.419	170.6	-14.1
2013	7	19	237.661	170.6	-14.1
2013	7	25	214.577	170.6	-14.1
2013	7	25	211.225	170.6	-14.1
2013	8	1	222.962	170.6	-14.1
2013	8	1	225.178	170.6	-14.1
2013	8	7	237.975	170.6	-14.1
2013	8	16	198.82	170.6	-14.1
2013	8	22	183.564	170.6	-14.1
2013	8	22	184.053	170.6	-14.1
2013	8	28	187.84	170.6	-14.1
2013	8	28	190.312	170.6	-14.1
2013	9	11	-999.99	170.6	-14.1
2013	9	11	185.679	170.6	-14.1
2013	9	18	224.837	170.6	-14.1
2013	9	18	235.445	170.6	-14.1
2013	9	25	284.013	170.6	-14.1
2013	9	25	253.449	170.6	-14.1
2013	10	3	567.216	170.6	-14.1
2013	10	3	574.321	170.6	-14.1
2013	10	10	216.102	170.6	-14.1
2013	10	10	220.223	170.6	-14.1
2013	10	16	212.918	170.6	-14.1
2013	10	16	218.296	170.6	-14.1
2013	10	24	229.911	170.6	-14.1
2013	10	24	227.372	170.6	-14.1
2013	10	30	227.983	170.6	-14.1
2013	10	30	198.46	170.6	-14.1
2013	11	6	188.85	170.6	-14.1
2013	11	6	191.583	170.6	-14.1
2013	11	15	177.939	170.6	-14.1
2013	11	15	170.347	170.6	-14.1
2013	11	20	241.111	170.6	-14.1
2013	11	20	239.722	170.6	-14.1
2013	11	27	260.955	170.6	-14.1
2013	11	27	270.222	170.6	-14.1
2013	12	5	223.089	170.6	-14.1
2013	12	5	234.711	170.6	-14.1
2013	12	11	238.122	170.6	-14.1
2013	12	11	322.2	170.6	-14.1
2013	12	19	214.974	170.6	-14.1
2013	12	19	211.136	170.6	-14.1
2013	12	27	188.813	170.6	-14.1
2013	12	27	187.978	170.6	-14.1
2014	1	2	287.483	170.6	-14.1
2014	1	2	293.55	170.6	-14.1
2014	1	10	282.036	170.6	-14.1
2014	1	10	307.852	170.6	-14.1
2014	1	15	175.378	170.6	-14.1
2014	1	15	167.711	170.6	-14.1
2014	1	24	265.091	170.6	-14.1
2014	1	24	246.58	170.6	-14.1
2014	1	30	214.811	170.6	-14.1
2014	1	30	220.578	170.6	-14.1
2014	2	5	161.619	170.6	-14.1
2014	2	5	173.159	170.6	-14.1
2014	2	15	180.245	170.6	-14.1
2014	2	15	178.809	170.6	-14.1
2014	2	20	161.129	170.6	-14.1
2014	2	20	149.571	170.6	-14.1
2014	2	26	411.026	170.6	-14.1
2014	2	26	433.212	170.6	-14.1
2014	3	6	326.615	170.6	-14.1
2014	3	13	163.278	170.6	-14.1
2014	3	13	158.079	170.6	-14.1
2014	3	22	186.63	170.6	-14.1
2014	3	22	218.293	170.6	-14.1
2014	3	27	-999.99	170.6	-14.1
2014	3	27	231.876	170.6	-14.1
2014	4	3	222.64	170.6	-14.1
2014	4	3	236.085	170.6	-14.1
2014	4	9	148.533	170.6	-14.1
2014	4	9	140.395	170.6	-14.1
2014	4	19	154.362	170.6	-14.1
2014	4	19	207.271	170.6	-14.1
2014	5	1	199.541	170.6	-14.1
2014	5	1	194.631	170.6	-14.1
2014	5	15	162.98	170.6	-14.1
2014	5	15	162.415	170.6	-14.1
2014	5	24	171.987	170.6	-14.1
2014	5	24	172.799	170.6	-14.1
2014	5	31	179.273	170.6	-14.1
2014	5	31	197.427	170.6	-14.1
2014	6	5	205.78	170.6	-14.1
2014	6	5	199.429	170.6	-14.1
2014	6	12	199.865	170.6	-14.1
2014	6	12	196.208	170.6	-14.1
2014	6	19	181.899	170.6	-14.1
2014	6	19	184.901	170.6	-14.1
2014	6	28	241.851	170.6	-14.1
2014	6	28	241.399	170.6	-14.1
2014	7	5	211.287	170.6	-14.1
2014	7	5	199.075	170.6	-14.1
2014	7	13	237.539	170.6	-14.1
2014	7	13	245.168	170.6	-14.1
2014	7	18	201.987	170.6	-14.1
2014	7	18	204.746	170.6	-14.1
2014	7	22	-999.99	170.6	-14.1
2014	7	22	206.302	170.6	-14.1
2014	7	30	200.285	170.6	-14.1
2014	8	5	249.868	170.6	-14.1
2014	8	5	264.154	170.6	-14.1
2014	8	12	194.123	170.6	-14.1
2014	8	12	336.834	170.6	-14.1
2014	8	21	256.469	170.6	-14.1
2014	8	21	258.109	170.6	-14.1
2014	8	27	251.926	170.6	-14.1
2014	8	27	300.317	170.6	-14.1
2014	9	2	219.538	170.6	-14.1
2014	9	2	245.11	170.6	-14.1
2014	9	15	263.075	170.6	-14.1
2014	9	15	218.337	170.6	-14.1
2014	9	22	217.335	170.6	-14.1
2014	9	22	202.278	170.6	-14.1
2014	9	30	400.099	170.6	-14.1
2014	9	30	334.352	170.6	-14.1
2014	10	6	237.146	170.6	-14.1
2014	10	6	206.958	170.6	-14.1
2014	10	13	196.106	170.6	-14.1
2014	10	13	209.27	170.6	-14.1
2014	10	23	222.699	170.6	-14.1
2014	10	29	214.472	170.6	-14.1
2014	10	29	218.352	170.6	-14.1
2014	11	3	230.923	170.6	-14.1
2014	11	3	230.857	170.6	-14.1
2014	11	9	355.863	170.6	-14.1
2014	11	9	283.584	170.6	-14.1
2014	11	17	183.43	170.6	-14.1
2014	11	17	178.565	170.6	-14.1
2014	12	13	268.509	170.6	-14.1
2014	12	13	-999.99	170.6	-14.1
2015	1	12	172.713	170.6	-14.1
2015	1	12	137.623	170.6	-14.1
2015	1	19	221.637	170.6	-14.1
2015	2	2	308.61	170.6	-14.1
2015	2	2	315.785	170.6	-14.1
2015	2	10	250.177	170.6	-14.1
2015	2	10	287.184	170.6	-14.1
2015	2	16	337.528	170.6	-14.1
2015	2	16	262.905	170.6	-14.1
2015	2	26	217.206	170.6	-14.1
2015	2	26	216.563	170.6	-14.1
2015	3	2	286.696	170.6	-14.1
2015	3	2	298.714	170.6	-14.1
2015	3	10	263.906	170.6	-14.1
2015	3	10	330.38	170.6	-14.1
2015	3	18	366.599	170.6	-14.1
2015	3	18	371.194	170.6	-14.1
2015	3	29	181.171	170.6	-14.1
2015	3	29	163.987	170.6	-14.1
2015	3	31	285.135	170.6	-14.1
2015	3	31	306.295	170.6	-14.1
2015	4	5	230.698	170.6	-14.1
2015	4	5	235.721	170.6	-14.1
2015	4	12	228.482	170.6	-14.1
2015	4	12	185.502	170.6	-14.1
2015	4	19	160.569	170.6	-14.1
2015	4	19	120.893	170.6	-14.1
2015	4	29	160.826	170.6	-14.1
2015	4	29	179.542	170.6	-14.1
2015	5	3	125.477	170.6	-14.1
2015	5	3	120.953	170.6	-14.1
2015	5	11	241.242	170.6	-14.1
2015	5	11	267.051	170.6	-14.1
2015	5	21	-999.99	170.6	-14.1
2015	5	21	227.184	170.6	-14.1
2015	5	26	247.284	170.6	-14.1
2015	5	26	240.643	170.6	-14.1
2015	6	1	158.156	170.6	-14.1
2015	6	1	152.311	170.6	-14.1
2015	6	8	135.078	170.6	-14.1
2015	6	8	148.381	170.6	-14.1
2015	6	20	362.178	170.6	-14.1
2015	6	20	359.667	170.6	-14.1
2015	6	22	346.4	170.6	-14.1
2015	6	22	345.522	170.6	-14.1
