Notes: UCI data pulls data out of the latitude band         -44         -40
Year|Mixing Ratio|Std Deviation|Std Error|Number of Samples
      1982.00      299.500       22.343478      7.89961           8
Months with data:       9.00000      11.0000
----------------------------
      1983.00      266.769       35.740179      9.91254          13
Months with data:       1.00000      2.00000      3.00000      5.00000
      7.00000      10.0000      11.0000      12.0000
----------------------------
      1984.00      282.355       31.614840      5.67819          31
Months with data:       1.00000      2.00000      3.00000      4.00000
      5.00000      6.00000      7.00000      8.00000      9.00000      10.0000
      11.0000      12.0000
----------------------------
      1985.00      239.021       25.764098      3.71873          48
Months with data:       1.00000      2.00000      3.00000      4.00000
      5.00000      6.00000      7.00000      8.00000      9.00000      10.0000
      11.0000      12.0000
----------------------------
      1986.00      248.268       24.042092      3.75474          41
Months with data:       1.00000      2.00000      3.00000      4.00000
      5.00000      6.00000      7.00000      8.00000      9.00000      10.0000
      11.0000      12.0000
----------------------------
      1987.00      202.286       33.994395      12.8487           7
Months with data:       1.00000      2.00000      9.00000
----------------------------
      1988.00      197.000          NaN          NaN           1
Months with data:       3.00000
----------------------------
      1989.00      218.000       17.521415      10.1160           3
Months with data:       12.0000
----------------------------
      1990.00      206.833       31.754831      12.9639           6
Months with data:       3.00000      6.00000      12.0000
----------------------------
      1991.00      283.333       9.6694494      3.94754           6
Months with data:       8.00000      12.0000
----------------------------
      1992.00      264.100       26.922593      8.51367          10
Months with data:       4.00000      8.00000      12.0000
----------------------------
      1993.00      265.833       32.509207      13.2718           6
Months with data:       3.00000      6.00000      12.0000
----------------------------
      1994.00      290.571       18.597765      7.02929           7
Months with data:       3.00000      9.00000      12.0000
----------------------------
      1995.00      225.143       19.497049      7.36919           7
Months with data:       3.00000      9.00000      12.0000
----------------------------
      1996.00      255.300       21.262332      4.75440          20
Months with data:       3.00000      6.00000      9.00000      12.0000
----------------------------
      1997.00      297.000       25.931793      8.64393           9
Months with data:       3.00000      6.00000      9.00000      12.0000
----------------------------
      1998.00      270.556       37.835626      12.6119           9
Months with data:       3.00000      6.00000      9.00000      12.0000
----------------------------
      1999.00      267.625       22.958066      8.11690           8
Months with data:       3.00000      6.00000      9.00000      12.0000
----------------------------
      2000.00      211.700       21.106032      6.67431          10
Months with data:       3.00000      9.00000      12.0000
----------------------------
      2001.00      226.357       23.929995      6.39556          14
Months with data:       3.00000      6.00000      9.00000      12.0000
----------------------------
      2002.00      278.000       22.840766      6.10445          14
Months with data:       3.00000      6.00000      9.00000      12.0000
----------------------------
      2003.00      256.357       9.4684171      2.53054          14
Months with data:       3.00000      6.00000      9.00000      12.0000
----------------------------
      2004.00      237.603       27.604225      5.88524          22
Months with data:       3.00000      6.00000      9.00000      12.0000
----------------------------
      2005.00      252.566       75.415634      9.73612          60
Months with data:       2.00000      3.00000      4.00000      6.00000
      7.00000      8.00000      9.00000      10.0000      11.0000      12.0000
----------------------------
      2006.00      254.607       70.822843      9.54975          55
Months with data:       2.00000      3.00000      4.00000      5.00000
      6.00000      7.00000      8.00000      9.00000      10.0000      11.0000
      12.0000
----------------------------
      2007.00      264.795       49.868720      6.28287          63
Months with data:       1.00000      2.00000      3.00000      5.00000
      6.00000      7.00000      8.00000      9.00000      10.0000      11.0000
      12.0000
----------------------------
      2008.00      246.309       57.825984      6.34723          83
Months with data:       1.00000      2.00000      3.00000      4.00000
      5.00000      6.00000      7.00000      8.00000      9.00000      10.0000
      11.0000      12.0000
----------------------------
      2009.00      197.382       41.318005      5.62267          54
Months with data:       1.00000      2.00000      3.00000      4.00000
      5.00000      6.00000      7.00000      8.00000      9.00000      10.0000
      11.0000      12.0000
----------------------------
      2010.00      229.413       52.744883      10.1508          27
Months with data:       2.00000      3.00000      4.00000      5.00000
      6.00000      7.00000      8.00000      10.0000      11.0000      12.0000
----------------------------
      2011.00      216.236       60.607919      10.3942          34
Months with data:       1.00000      2.00000      3.00000      4.00000
      5.00000      6.00000      7.00000      8.00000      9.00000      10.0000
      11.0000      12.0000
----------------------------
      2012.00      236.520       47.444074      6.45632          54
Months with data:       1.00000      2.00000      3.00000      4.00000
      5.00000      6.00000      7.00000      8.00000      9.00000      10.0000
      11.0000      12.0000
----------------------------
      2013.00      208.831       44.462691      6.05061          54
Months with data:       1.00000      2.00000      3.00000      4.00000
      5.00000      6.00000      7.00000      8.00000      9.00000      10.0000
      11.0000      12.0000
----------------------------
      2014.00      241.251       41.810445      6.09868          47
Months with data:       1.00000      2.00000      3.00000      4.00000
      5.00000      6.00000      7.00000      8.00000      9.00000      10.0000
      11.0000      12.0000
----------------------------
      2015.00      169.273       36.699663      8.20629          20
Months with data:       1.00000      2.00000      3.00000      4.00000
      5.00000
----------------------------
