NOAA
          NaN          NaN          NaN
          NaN          NaN          NaN
          NaN          NaN          NaN
      12.0000      2004.00      137.857
      12.0000      2004.00      167.416
          NaN          NaN          NaN
          NaN          NaN          NaN
      2.00000      2005.00      324.288
          NaN          NaN          NaN
      2.00000      2005.00      299.046
      3.00000      2005.00      223.833
      3.00000      2005.00      266.030
      4.00000      2005.00      156.807
      4.00000      2005.00      154.769
          NaN          NaN          NaN
          NaN          NaN          NaN
          NaN          NaN          NaN
          NaN          NaN          NaN
      6.00000      2005.00      114.728
      6.00000      2005.00      139.208
      6.00000      2005.00      270.317
      6.00000      2005.00      260.294
      7.00000      2005.00      219.095
      7.00000      2005.00      196.177
      7.00000      2005.00      158.914
      7.00000      2005.00      181.471
      7.00000      2005.00      398.394
      7.00000      2005.00      407.602
      8.00000      2005.00      272.896
      8.00000      2005.00      299.389
      8.00000      2005.00      203.823
      8.00000      2005.00      239.593
      8.00000      2005.00      257.964
      8.00000      2005.00      272.873
      8.00000      2005.00      343.688
      8.00000      2005.00      413.959
      9.00000      2005.00      184.874
      9.00000      2005.00      207.668
      9.00000      2005.00      365.882
      9.00000      2005.00      333.760
      9.00000      2005.00      186.155
      9.00000      2005.00      236.723
      10.0000      2005.00      306.697
      10.0000      2005.00      302.421
          NaN          NaN          NaN
          NaN          NaN          NaN
      10.0000      2005.00      304.265
      10.0000      2005.00      151.534
      11.0000      2005.00      214.265
      11.0000      2005.00      263.992
      11.0000      2005.00      238.592
      11.0000      2005.00      177.290
      12.0000      2005.00      234.453
      12.0000      2005.00      269.234
      12.0000      2005.00      260.516
      12.0000      2005.00      313.344
      12.0000      2005.00      346.484
      12.0000      2005.00      346.062
      12.0000      2005.00      381.406
      12.0000      2005.00      412.188
      2.00000      2006.00      114.675
      2.00000      2006.00      123.819
      2.00000      2006.00      170.372
      2.00000      2006.00      142.173
      3.00000      2006.00      183.819
      3.00000      2006.00      201.267
      3.00000      2006.00      235.781
      3.00000      2006.00      175.771
      3.00000      2006.00      199.230
      4.00000      2006.00      263.531
      4.00000      2006.00      257.500
      4.00000      2006.00      230.516
      4.00000      2006.00      252.250
      4.00000      2006.00      307.247
      4.00000      2006.00      266.369
      5.00000      2006.00      236.828
      5.00000      2006.00      259.594
      5.00000      2006.00      393.312
      5.00000      2006.00      414.734
      6.00000      2006.00      159.797
      6.00000      2006.00      164.734
      6.00000      2006.00      243.408
      6.00000      2006.00      202.842
      7.00000      2006.00      222.296
      7.00000      2006.00      200.352
      7.00000      2006.00      211.369
      7.00000      2006.00      222.336
      7.00000      2006.00      383.810
      7.00000      2006.00      365.432
      8.00000      2006.00      254.157
      8.00000      2006.00      346.429
      8.00000      2006.00      243.314
      8.00000      2006.00      242.429
      8.00000      2006.00      246.690
      8.00000      2006.00      355.084
      9.00000      2006.00      302.507
      9.00000      2006.00      308.781
      9.00000      2006.00      212.826
      9.00000      2006.00      341.080
          NaN          NaN          NaN
      9.00000      2006.00      241.260
      10.0000      2006.00      258.333
      11.0000      2006.00      272.507
      11.0000      2006.00      365.928
      11.0000      2006.00      276.801
      11.0000      2006.00      296.191
      11.0000      2006.00      434.242
          NaN          NaN          NaN
      11.0000      2006.00      351.449
      12.0000      2006.00      297.209
      12.0000      2006.00      333.930
      12.0000      2006.00      297.796
      12.0000      2006.00      224.277
      1.00000      2007.00      145.385
      1.00000      2007.00      161.488
      2.00000      2007.00      149.787
      2.00000      2007.00      156.837
      3.00000      2007.00      158.834
      3.00000      2007.00      175.024
      3.00000      2007.00      179.849
      3.00000      2007.00      166.901
      3.00000      2007.00      164.904
      3.00000      2007.00      167.273
      5.00000      2007.00      213.029
      5.00000      2007.00      186.130
      5.00000      2007.00      268.005
      5.00000      2007.00      205.871
      6.00000      2007.00      239.928
      6.00000      2007.00      233.014
      6.00000      2007.00      247.644
      6.00000      2007.00      248.750
      6.00000      2007.00      276.851
      6.00000      2007.00      307.548
      7.00000      2007.00      395.455
      7.00000      2007.00      330.404
      7.00000      2007.00      287.349
          NaN          NaN          NaN
      7.00000      2007.00      264.435
      7.00000      2007.00      294.636
      8.00000      2007.00      331.029
      8.00000      2007.00      290.813
      8.00000      2007.00      282.362
      8.00000      2007.00      337.476
      8.00000      2007.00      389.964
      9.00000      2007.00      409.242
      9.00000      2007.00      341.635
      9.00000      2007.00      342.296
      9.00000      2007.00      327.536
      9.00000      2007.00      314.988
      9.00000      2007.00      337.115
      10.0000      2007.00      322.488
      10.0000      2007.00      324.454
      10.0000      2007.00      346.432
      10.0000      2007.00      328.702
      10.0000      2007.00      319.587
      10.0000      2007.00      289.114
      10.0000      2007.00      365.643
      10.0000      2007.00      336.214
      11.0000      2007.00      323.626
      11.0000      2007.00      360.510
      11.0000      2007.00      402.209
      11.0000      2007.00      313.265
      12.0000      2007.00      263.847
      12.0000      2007.00      255.219
      12.0000      2007.00      243.762
      12.0000      2007.00      222.209
      1.00000      2008.00      225.709
      1.00000      2008.00      180.361
      1.00000      2008.00      167.885
      1.00000      2008.00      206.815
      1.00000      2008.00      189.519
      1.00000      2008.00      143.750
      2.00000      2008.00      146.803
      2.00000      2008.00      146.394
      2.00000      2008.00      135.199
      2.00000      2008.00      153.536
      2.00000      2008.00      139.363
      2.00000      2008.00      121.995
      2.00000      2008.00      127.518
      3.00000      2008.00      142.260
      3.00000      2008.00      153.377
      3.00000      2008.00      232.966
      3.00000      2008.00      184.914
      4.00000      2008.00      204.272
      4.00000      2008.00      218.835
      4.00000      2008.00      168.211
      4.00000      2008.00      212.990
      5.00000      2008.00      198.119
          NaN          NaN          NaN
      5.00000      2008.00      215.000
      5.00000      2008.00      286.396
      6.00000      2008.00      288.603
      6.00000      2008.00      232.022
      6.00000      2008.00      300.157
      6.00000      2008.00      244.638
      6.00000      2008.00      250.447
      6.00000      2008.00      235.809
      7.00000      2008.00      430.504
      7.00000      2008.00      266.811
      7.00000      2008.00      379.532
      7.00000      2008.00      320.743
      7.00000      2008.00      345.392
      7.00000      2008.00      339.118
      7.00000      2008.00      263.942
      7.00000      2008.00      355.280
      8.00000      2008.00      419.843
      8.00000      2008.00      253.659
      8.00000      2008.00      269.650
      8.00000      2008.00      300.700
      8.00000      2008.00      424.619
      8.00000      2008.00      348.952
      8.00000      2008.00      333.155
      8.00000      2008.00      285.607
      9.00000      2008.00      372.083
      9.00000      2008.00      344.012
      9.00000      2008.00      250.468
      9.00000      2008.00      299.940
      10.0000      2008.00      314.976
      10.0000      2008.00      298.768
      10.0000      2008.00      368.789
      10.0000      2008.00      335.671
      10.0000      2008.00      289.319
      10.0000      2008.00      265.827
      10.0000      2008.00      291.667
      10.0000      2008.00      273.212
      11.0000      2008.00      295.664
      11.0000      2008.00      267.970
      11.0000      2008.00      284.058
      11.0000      2008.00      258.309
      11.0000      2008.00      177.561
      11.0000      2008.00      235.473
      12.0000      2008.00      168.519
      12.0000      2008.00      210.279
      12.0000      2008.00      196.132
      12.0000      2008.00      194.067
      12.0000      2008.00      195.473
      12.0000      2008.00      203.159
      12.0000      2008.00      183.068
      12.0000      2008.00      134.807
      1.00000      2009.00      147.572
      1.00000      2009.00      162.560
      2.00000      2009.00      130.998
      2.00000      2009.00      159.793
      3.00000      2009.00      132.810
      3.00000      2009.00      120.669
      3.00000      2009.00      133.617
      3.00000      2009.00      123.459
      3.00000      2009.00      120.655
      3.00000      2009.00      129.102
      4.00000      2009.00      149.392
      4.00000      2009.00      155.912
      4.00000      2009.00      128.140
      4.00000      2009.00      205.399
      4.00000      2009.00      147.500
      4.00000      2009.00      141.687
      5.00000      2009.00      157.056
      5.00000      2009.00      155.894
      5.00000      2009.00      154.034
      5.00000      2009.00      204.405
      5.00000      2009.00      191.226
      5.00000      2009.00      197.330
      5.00000      2009.00      215.085
      6.00000      2009.00      214.927
      6.00000      2009.00      207.185
      6.00000      2009.00      192.222
      6.00000      2009.00      219.022
      7.00000      2009.00      192.355
      7.00000      2009.00      180.918
      7.00000      2009.00      255.616
      7.00000      2009.00      206.884
      7.00000      2009.00      205.531
      7.00000      2009.00      224.807
      8.00000      2009.00      331.937
      8.00000      2009.00      234.561
      8.00000      2009.00      343.345
      8.00000      2009.00      269.313
      9.00000      2009.00      289.065
      9.00000      2009.00      302.860
      9.00000      2009.00      281.554
      10.0000      2009.00      273.733
      10.0000      2009.00      267.735
      10.0000      2009.00      237.085
      10.0000      2009.00      257.556
      11.0000      2009.00      223.419
      11.0000      2009.00      202.153
      11.0000      2009.00      247.667
      11.0000      2009.00      228.678
      11.0000      2009.00      205.661
      11.0000      2009.00      178.296
      12.0000      2009.00      177.201
      12.0000      2009.00      165.914
      12.0000      2009.00      145.853
      12.0000      2009.00      131.256
      2.00000      2010.00      126.711
      3.00000      2010.00      126.362
      3.00000      2010.00      169.539
      3.00000      2010.00      89.6740
      4.00000      2010.00      203.225
      4.00000      2010.00      238.461
      4.00000      2010.00      150.595
      4.00000      2010.00      141.416
      5.00000      2010.00      302.111
      5.00000      2010.00      180.589
      5.00000      2010.00      151.700
      6.00000      2010.00      322.809
      6.00000      2010.00      214.843
      6.00000      2010.00      169.775
      7.00000      2010.00      289.673
      7.00000      2010.00      247.839
      7.00000      2010.00      219.168
          NaN          NaN          NaN
      8.00000      2010.00      237.303
      8.00000      2010.00      289.930
      8.00000      2010.00      256.901
      10.0000      2010.00      338.399
      10.0000      2010.00      318.236
          NaN          NaN          NaN
      11.0000      2010.00      315.748
      11.0000      2010.00      294.582
      12.0000      2010.00      320.822
      12.0000      2010.00      273.157
      12.0000      2010.00      204.579
      1.00000      2011.00      145.222
          NaN          NaN          NaN
      1.00000      2011.00      458.609
      2.00000      2011.00      137.605
      2.00000      2011.00      106.232
      3.00000      2011.00      112.180
      3.00000      2011.00      129.708
      3.00000      2011.00      122.629
      4.00000      2011.00      175.655
      4.00000      2011.00      144.512
      5.00000      2011.00      175.488
      5.00000      2011.00      170.071
      5.00000      2011.00      237.773
      5.00000      2011.00      170.581
      5.00000      2011.00      181.220
      5.00000      2011.00      392.109
      6.00000      2011.00      192.476
      6.00000      2011.00      201.627
      7.00000      2011.00      308.630
      7.00000      2011.00      216.478
      8.00000      2011.00      270.880
      8.00000      2011.00      258.465
      9.00000      2011.00      259.594
      9.00000      2011.00      279.443
      9.00000      2011.00      262.361
      10.0000      2011.00      264.761
      10.0000      2011.00      252.652
      11.0000      2011.00      221.363
      11.0000      2011.00      216.483
      11.0000      2011.00      214.857
      11.0000      2011.00      202.198
      11.0000      2011.00      293.099
      11.0000      2011.00      215.055
      12.0000      2011.00      173.890
      12.0000      2011.00      188.132
      1.00000      2012.00      184.835
      1.00000      2012.00      142.626
      1.00000      2012.00      208.530
      1.00000      2012.00      123.007
      2.00000      2012.00      109.599
      2.00000      2012.00      144.321
      3.00000      2012.00      188.352
      3.00000      2012.00      173.073
      3.00000      2012.00      214.198
      3.00000      2012.00      145.245
      4.00000      2012.00      224.066
      4.00000      2012.00      160.165
      5.00000      2012.00      181.780
      5.00000      2012.00      180.418
      5.00000      2012.00      196.555
      5.00000      2012.00      187.181
      6.00000      2012.00      214.026
      6.00000      2012.00      197.724
      6.00000      2012.00      264.094
      6.00000      2012.00      230.940
      7.00000      2012.00      259.136
      7.00000      2012.00      249.190
      7.00000      2012.00      278.881
      7.00000      2012.00      238.210
      8.00000      2012.00      288.635
      8.00000      2012.00      260.761
      8.00000      2012.00      331.007
      8.00000      2012.00      273.602
      8.00000      2012.00      280.067
      8.00000      2012.00      271.298
      8.00000      2012.00      291.924
      8.00000      2012.00      271.499
      9.00000      2012.00      321.473
      9.00000      2012.00      294.286
      9.00000      2012.00      291.444
      9.00000      2012.00      278.217
      9.00000      2012.00      295.405
      9.00000      2012.00      278.468
      10.0000      2012.00      299.683
      10.0000      2012.00      267.735
      10.0000      2012.00      395.087
      10.0000      2012.00      253.873
      11.0000      2012.00      304.442
      11.0000      2012.00      279.891
      11.0000      2012.00      238.969
      11.0000      2012.00      247.838
      11.0000      2012.00      244.887
      11.0000      2012.00      247.658
      11.0000      2012.00      227.095
      11.0000      2012.00      238.311
      12.0000      2012.00      227.708
      12.0000      2012.00      237.472
      12.0000      2012.00      171.595
      12.0000      2012.00      165.618
      1.00000      2013.00      182.360
      1.00000      2013.00      126.685
      1.00000      2013.00      207.708
      1.00000      2013.00      111.506
      2.00000      2013.00      109.629
      2.00000      2013.00      97.0340
      2.00000      2013.00      161.708
      2.00000      2013.00      110.787
      2.00000      2013.00      157.172
      2.00000      2013.00      191.303
      3.00000      2013.00      159.076
      3.00000      2013.00      192.840
      4.00000      2013.00      177.648
      4.00000      2013.00      119.813
      4.00000      2013.00      208.791
      4.00000      2013.00      125.330
      4.00000      2013.00      151.297
      4.00000      2013.00      134.033
      5.00000      2013.00      165.209
      5.00000      2013.00      176.154
      5.00000      2013.00      182.951
      5.00000      2013.00      184.098
      6.00000      2013.00      188.307
      7.00000      2013.00      250.479
      7.00000      2013.00      299.243
      8.00000      2013.00      301.703
      8.00000      2013.00      249.306
      8.00000      2013.00      270.738
      8.00000      2013.00      254.252
      8.00000      2013.00      255.271
      8.00000      2013.00      279.523
      8.00000      2013.00      254.230
      9.00000      2013.00      303.619
      9.00000      2013.00      264.354
          NaN          NaN          NaN
          NaN          NaN          NaN
      9.00000      2013.00      284.067
      9.00000      2013.00      276.667
      10.0000      2013.00      332.017
      10.0000      2013.00      262.169
      10.0000      2013.00      288.400
      10.0000      2013.00      259.733
      10.0000      2013.00      265.098
      10.0000      2013.00      234.056
      10.0000      2013.00      280.778
      10.0000      2013.00      261.811
      11.0000      2013.00      274.367
      11.0000      2013.00      225.533
      11.0000      2013.00      210.000
      11.0000      2013.00      193.333
      12.0000      2013.00      197.822
      12.0000      2013.00      178.267
      12.0000      2013.00      226.067
      12.0000      2013.00      151.911
      12.0000      2013.00      148.044
      12.0000      2013.00      122.556
      1.00000      2014.00      329.244
      1.00000      2014.00      298.454
          NaN          NaN          NaN
      2.00000      2014.00      118.207
      2.00000      2014.00      225.276
      2.00000      2014.00      221.766
      3.00000      2014.00      169.704
      3.00000      2014.00      185.364
      3.00000      2014.00      163.918
      3.00000      2014.00      140.786
      3.00000      2014.00      187.631
      4.00000      2014.00      179.522
      4.00000      2014.00      168.269
      5.00000      2014.00      179.491
      5.00000      2014.00      222.157
      5.00000      2014.00      186.991
      5.00000      2014.00      203.714
      5.00000      2014.00      266.659
      6.00000      2014.00      242.846
      6.00000      2014.00      266.932
      6.00000      2014.00      302.495
      7.00000      2014.00      238.653
      7.00000      2014.00      263.256
      8.00000      2014.00      276.341
      8.00000      2014.00      269.105
      8.00000      2014.00      255.190
      8.00000      2014.00      255.444
      8.00000      2014.00      307.859
      9.00000      2014.00      302.437
      9.00000      2014.00      277.927
      9.00000      2014.00      324.380
      9.00000      2014.00      319.297
      9.00000      2014.00      263.978
      10.0000      2014.00      258.132
      10.0000      2014.00      282.033
      10.0000      2014.00      247.915
      10.0000      2014.00      280.605
      11.0000      2014.00      236.121
      11.0000      2014.00      244.686
      11.0000      2014.00      275.931
      11.0000      2014.00      272.749
      11.0000      2014.00      219.324
      12.0000      2014.00      209.507
      12.0000      2014.00      167.052
      12.0000      2014.00      223.614
      12.0000      2014.00      179.956
      12.0000      2014.00      340.876
      12.0000      2014.00      287.007
      1.00000      2015.00      319.435
      1.00000      2015.00      187.384
      2.00000      2015.00      208.315
      2.00000      2015.00      162.561
      2.00000      2015.00      181.596
      3.00000      2015.00      160.870
      3.00000      2015.00      89.1180
      3.00000      2015.00      119.710
      3.00000      2015.00      149.107
      3.00000      2015.00      85.7810
      3.00000      2015.00      129.978
      3.00000      2015.00      108.214
      4.00000      2015.00      138.270
      4.00000      2015.00      220.692
      4.00000      2015.00      171.585
      4.00000      2015.00      152.902
      5.00000      2015.00      192.949
      5.00000      2015.00      164.834
      5.00000      2015.00      221.718
      5.00000      2015.00      220.444
UCI
      9.00000      2002.00      356.000
      9.00000      1998.00      431.000
      12.0000      1996.00      232.000
      3.00000      1997.00      155.000
      9.00000      2002.00      361.000
      9.00000      2003.00      328.000
      9.00000      1999.00      406.000
          NaN          NaN          NaN
      3.00000      2001.00      154.000
      3.00000      1999.00      145.000
      12.0000      2002.00      221.000
      6.00000      2003.00      263.000
      12.0000      2002.00      190.000
          NaN          NaN          NaN
      6.00000      2002.00      303.000
      12.0000      2001.00      177.000
      6.00000      2001.00      266.000
      3.00000      2001.00      170.000
      3.00000      1999.00      211.000
      6.00000      2008.00      233.000
      3.00000      2008.00      141.000
      3.00000      2007.00      173.000
      12.0000      2005.00      211.000
      9.00000      2005.00      332.000
      3.00000      2005.00      155.000
      9.00000      2004.00      332.000
      6.00000      2004.00      241.000
      3.00000      2004.00      152.000
      12.0000      2003.00      222.000
      6.00000      2003.00      249.000
      9.00000      2002.00      338.000
      12.0000      1998.00      239.000
      9.00000      1996.00      345.000
      12.0000      2003.00      222.000
      12.0000      1998.00      216.000
      3.00000      2006.00      151.000
      12.0000      2005.00      213.000
      9.00000      2005.00      310.000
      3.00000      2005.00      138.000
      9.00000      2004.00      325.000
      6.00000      2004.00      276.000
      3.00000      2004.00      131.000
      6.00000      2003.00      252.000
      12.0000      2008.00      216.000
      9.00000      2008.00      363.000
      3.00000      2008.00      136.000
      12.0000      2007.00      178.000
      3.00000      2007.00      163.000
      12.0000      2005.00      210.000
      9.00000      2005.00      324.000
      3.00000      2005.00      135.000
      12.0000      2004.00      219.000
      9.00000      2004.00      340.000
      6.00000      2004.00      262.000
      6.00000      2004.00      255.000
      3.00000      2004.00      140.000
      9.00000      2003.00      341.000
      9.00000      2002.00      338.000
      6.00000      2002.00      266.000
      6.00000      2002.00      272.000
      6.00000      2002.00      282.000
      12.0000      2001.00      213.000
      12.0000      2001.00      201.000
      12.0000      2001.00      188.000
          NaN          NaN          NaN
      9.00000      2001.00      327.000
      6.00000      2001.00      300.000
      6.00000      2001.00      252.000
      12.0000      2000.00      207.000
      12.0000      2000.00      233.000
      9.00000      2000.00      330.000
      3.00000      2000.00      158.000
          NaN          NaN          NaN
      12.0000      1998.00      210.000
          NaN          NaN          NaN
          NaN          NaN          NaN
          NaN          NaN          NaN
      12.0000      1996.00      218.000
      12.0000      1997.00      312.000
      9.00000      2008.00      371.000
      3.00000      2006.00      149.000
      6.00000      1999.00      295.000
      6.00000      1999.00      280.000
      9.00000      2001.00      338.000
      3.00000      2001.00      151.000
          NaN          NaN          NaN
      12.0000      2002.00      228.000
      3.00000      2002.00      196.000
      6.00000      1999.00      297.000
      12.0000      2008.00      191.000
          NaN          NaN          NaN
      6.00000      2008.00      241.000
          NaN          NaN          NaN
      12.0000      2007.00      184.000
      9.00000      2007.00      338.000
      6.00000      2007.00      235.000
      3.00000      2007.00      149.000
      12.0000      2005.00      215.000
      3.00000      2005.00      146.000
      12.0000      2004.00      224.000
      9.00000      2004.00      333.000
      6.00000      2004.00      258.000
      3.00000      2004.00      124.000
      12.0000      2003.00      216.000
      6.00000      2003.00      257.000
      12.0000      2002.00      199.000
          NaN          NaN          NaN
      12.0000      2001.00      195.000
      6.00000      2001.00      237.000
      12.0000      2000.00      200.000
      12.0000      2000.00      183.000
      3.00000      2000.00      163.000
      3.00000      2000.00      158.000
      12.0000      1999.00      242.000
      12.0000      1998.00      236.000
      12.0000      1998.00      219.000
      6.00000      1998.00      324.000
      3.00000      1998.00      153.000
          NaN          NaN          NaN
      9.00000      1997.00      415.000
      6.00000      1997.00      336.000
      3.00000      1997.00      174.000
      12.0000      1996.00      216.000
      12.0000      1996.00      234.000
      9.00000      1996.00      350.000
      6.00000      1996.00      326.000
      6.00000      1996.00      298.000
      3.00000      1996.00      170.000
      9.00000      2003.00      346.000
      9.00000      2003.00      354.000
      3.00000      2003.00      155.000
      9.00000      1997.00      420.000
      3.00000      1996.00      164.000
      3.00000      2003.00      144.000
      9.00000      2000.00      324.000
      3.00000      2000.00      161.000
      12.0000      2008.00      181.000
      9.00000      2008.00      312.000
          NaN          NaN          NaN
      3.00000      2008.00      158.000
      12.0000      2007.00      197.000
      9.00000      2007.00      328.000
      6.00000      2007.00      247.000
      3.00000      2007.00      143.000
      12.0000      2006.00      246.000
      3.00000      2006.00      149.000
      12.0000      2005.00      208.000
      9.00000      2005.00      309.000
      6.00000      2003.00      240.000
      9.00000      2002.00      342.000
      12.0000      1999.00      265.000
      12.0000      1997.00      268.000
      12.0000      1997.00      265.000
      6.00000      1997.00      328.000
      9.00000      2004.00      342.000
      9.00000      1998.00      407.000
      3.00000      2005.00      135.000
      12.0000      2004.00      229.000
      9.00000      2004.00      358.000
      6.00000      2004.00      262.000
      3.00000      2004.00      119.000
      3.00000      1995.00      178.000
      12.0000      1994.00      246.000
      4.00000      1992.00      177.000
      6.00000      1990.00      229.000
          NaN          NaN          NaN
          NaN          NaN          NaN
      3.00000      1990.00      136.000
      12.0000      1986.00      210.000
      6.00000      1986.00      250.000
          NaN          NaN          NaN
      12.0000      1985.00      240.000
      9.00000      1985.00      350.000
          NaN          NaN          NaN
      12.0000      1989.00      235.000
      12.0000      1993.00      303.000
      3.00000      1995.00      175.000
      3.00000      1995.00      186.000
      8.00000      1992.00      343.000
      8.00000      1992.00      372.000
      12.0000      1996.00      232.000
      6.00000      1993.00      300.000
      3.00000      1994.00      198.000
          NaN          NaN          NaN
      4.00000      1992.00      216.000
      4.00000      1992.00      162.000
      6.00000      1990.00      307.000
          NaN          NaN          NaN
      12.0000      1989.00      200.000
      9.00000      1984.00      420.000
      12.0000      1991.00      242.000
      12.0000      1991.00      238.000
      3.00000      1988.00      197.000
      12.0000      1994.00      298.000
      12.0000      1994.00      269.000
      9.00000      1994.00      398.000
      9.00000      1994.00      406.000
      8.00000      1992.00      368.000
      8.00000      1991.00      376.000
      8.00000      1991.00      380.000
      3.00000      1990.00      134.000
          NaN          NaN          NaN
      9.00000      1996.00      345.000
      4.00000      1992.00      163.000
          NaN          NaN          NaN
      8.00000      1992.00      411.000
      12.0000      1990.00      267.000
          NaN          NaN          NaN
      12.0000      1995.00      261.000
      12.0000      1993.00      227.000
      3.00000      1993.00      206.000
      12.0000      1992.00      198.000
          NaN          NaN          NaN
      12.0000      1985.00      250.000
      12.0000      1996.00      218.000
          NaN          NaN          NaN
          NaN          NaN          NaN
          NaN          NaN          NaN
      12.0000      1991.00      225.000
      12.0000      1991.00      239.000
      3.00000      1995.00      191.000
      9.00000      1995.00      422.000
          NaN          NaN          NaN
      9.00000      1987.00      410.000
      12.0000      1986.00      240.000
      12.0000      1985.00      280.000
      9.00000      1985.00      420.000
          NaN          NaN          NaN
      3.00000      1985.00      150.000
          NaN          NaN          NaN
      3.00000      1996.00      164.000
      3.00000      1994.00      219.000
          NaN          NaN          NaN
          NaN          NaN          NaN
      12.0000      1996.00      216.000
      12.0000      1996.00      234.000
      9.00000      1996.00      350.000
      6.00000      1996.00      326.000
      6.00000      1996.00      298.000
      3.00000      1996.00      170.000
          NaN          NaN          NaN
      12.0000      1993.00      230.000
      6.00000      1993.00      329.000
      12.0000      1992.00      231.000
          NaN          NaN          NaN
      3.00000      1995.00      163.000
      3.00000      1990.00      168.000
          NaN          NaN          NaN
      12.0000      1989.00      219.000
