     -40.0000      9.00000      1982.00      307.000
     -40.0000      9.00000      1982.00      325.000
     -40.0000      9.00000      1982.00      365.000
     -40.0000      9.00000      1982.00      325.000
     -40.0000      9.00000      1982.00      302.000
     -40.0000      3.00000      1983.00      205.000
     -40.0000      6.00000      1983.00      357.000
     -40.0000      9.00000      1983.00      441.000
     -40.0000      12.0000      1983.00      314.000
     -40.0000      12.0000      1983.00      273.000
     -40.0000      12.0000      1983.00      277.000
     -40.0000      3.00000      1984.00      166.000
     -40.0000      6.00000      1984.00      344.000
     -40.0000      9.00000      1984.00      368.000
     -40.0000      9.00000      1984.00      333.000
     -40.0000      9.00000      1984.00      398.000
     -40.0000      12.0000      1984.00      231.000
     -40.0000      3.00000      1985.00      111.000
     -40.0000      3.00000      1985.00      151.000
     -40.0000      3.00000      1985.00      205.000
     -40.0000      6.00000      1985.00      264.000
     -40.0000      6.00000      1985.00      244.000
     -40.0000      6.00000      1985.00      246.000
     -40.0000      6.00000      1985.00      266.000
     -40.0000      6.00000      1985.00      279.000
     -40.0000      6.00000      1985.00      267.000
     -40.0000      9.00000      1985.00      362.000
     -40.0000      9.00000      1985.00      348.000
     -40.0000      12.0000      1985.00      239.000
     -40.0000      12.0000      1985.00      215.000
     -40.0000      3.00000      1986.00      113.000
     -40.0000      3.00000      1986.00      152.000
     -40.0000      3.00000      1986.00      192.000
     -40.0000      3.00000      1986.00      189.000
     -40.0000      6.00000      1986.00      285.000
     -40.0000      6.00000      1986.00      251.000
     -40.0000      6.00000      1986.00      265.000
     -40.0000      9.00000      1986.00      318.000
     -40.0000      9.00000      1986.00      348.000
     -40.0000      9.00000      1986.00      321.000
     -40.0000      12.0000      1986.00      244.000
     -40.0000      12.0000      1986.00      217.000
     -40.0000      12.0000      1986.00      190.000
     -40.0000      12.0000      1986.00      214.000
     -15.0000      6.00000      1982.00      231.000
     -15.0000      6.00000      1982.00      222.000
     -15.0000      6.00000      1982.00      231.000
     -15.0000      6.00000      1982.00      254.000
     -15.0000      6.00000      1982.00      278.000
     -15.0000      9.00000      1982.00      315.000
     -15.0000      12.0000      1982.00      187.000
     -15.0000      12.0000      1982.00      194.000
     -15.0000      12.0000      1982.00      187.000
     -15.0000      12.0000      1982.00      187.000
     -15.0000      12.0000      1982.00      195.000
     -15.0000      12.0000      1982.00      208.000
     -15.0000      12.0000      1982.00      220.000
     -15.0000      3.00000      1983.00      167.000
     -15.0000      3.00000      1983.00      166.000
     -15.0000      6.00000      1983.00      307.000
     -15.0000      6.00000      1983.00      344.000
     -15.0000      6.00000      1983.00      307.000
     -15.0000      9.00000      1983.00      385.000
     -15.0000      9.00000      1983.00      321.000
     -15.0000      12.0000      1983.00      318.000
     -15.0000      12.0000      1983.00      359.000
     -15.0000      12.0000      1983.00      503.000
     -15.0000      12.0000      1983.00      209.000
     -15.0000      3.00000      1984.00      351.000
     -15.0000      3.00000      1984.00      292.000
     -15.0000      3.00000      1984.00      699.000
     -15.0000      6.00000      1984.00      477.000
     -15.0000      6.00000      1984.00      358.000
     -15.0000      6.00000      1984.00      512.000
     -15.0000      6.00000      1984.00      450.000
     -15.0000      6.00000      1984.00      346.000
     -15.0000      9.00000      1984.00      300.000
     -15.0000      9.00000      1984.00      504.000
     -15.0000      12.0000      1984.00      239.000
     -15.0000      12.0000      1984.00      278.000
     -15.0000      3.00000      1985.00      358.000
     -15.0000      3.00000      1985.00      367.000
     -15.0000      3.00000      1985.00      254.000
     -15.0000      6.00000      1985.00      237.000
     -15.0000      6.00000      1985.00      254.000
     -15.0000      6.00000      1985.00      239.000
     -15.0000      9.00000      1985.00      339.000
     -15.0000      9.00000      1985.00      271.000
     -15.0000      9.00000      1985.00      293.000
     -15.0000      9.00000      1985.00      228.000
     -15.0000      12.0000      1985.00      206.000
     -15.0000      12.0000      1985.00      198.000
     -15.0000      12.0000      1985.00      158.000
     -15.0000      12.0000      1985.00      184.000
     -15.0000      3.00000      1986.00      246.000
     -15.0000      3.00000      1986.00      178.000
     -15.0000      3.00000      1986.00      245.000
     -15.0000      6.00000      1986.00      281.000
     -15.0000      6.00000      1986.00      221.000
     -15.0000      6.00000      1986.00      212.000
     -15.0000      6.00000      1986.00      315.000
     -15.0000      6.00000      1986.00      245.000
     -15.0000      9.00000      1986.00      268.000
     -15.0000      9.00000      1986.00      333.000
     -15.0000      9.00000      1986.00      270.000
     -15.0000      9.00000      1986.00      262.000
     -15.0000      12.0000      1986.00      264.000
     -15.0000      12.0000      1986.00      206.000
     -15.0000      12.0000      1986.00      188.000
     -15.0000      12.0000      1986.00      236.000
     -15.0000      3.00000      1987.00      430.000
     -15.0000      3.00000      1987.00      244.000
     -15.0000      3.00000      1987.00      281.000
     -15.0000      3.00000      1987.00      227.000
      15.0000      6.00000      1982.00      689.000
      15.0000      6.00000      1982.00      565.000
      15.0000      6.00000      1982.00      578.000
      15.0000      6.00000      1982.00      636.000
      15.0000      6.00000      1982.00      523.000
      15.0000      6.00000      1982.00      390.000
      15.0000      9.00000      1982.00      349.000
      15.0000      9.00000      1982.00      556.000
      15.0000      12.0000      1982.00      648.000
      15.0000      12.0000      1982.00      963.000
      15.0000      12.0000      1982.00      825.000
      15.0000      12.0000      1982.00      597.000
      15.0000      12.0000      1982.00      917.000
      15.0000      3.00000      1983.00      829.000
      15.0000      3.00000      1983.00      1458.00
      15.0000      3.00000      1983.00      1129.00
      15.0000      3.00000      1983.00      1075.00
      15.0000      6.00000      1983.00      1159.00
      15.0000      6.00000      1983.00      1089.00
      15.0000      6.00000      1983.00      985.000
      15.0000      6.00000      1983.00      809.000
      15.0000      6.00000      1983.00      949.000
      15.0000      6.00000      1983.00      712.000
      15.0000      6.00000      1983.00      926.000
      15.0000      6.00000      1983.00      852.000
      15.0000      6.00000      1983.00      1534.00
      15.0000      6.00000      1983.00      913.000
      15.0000      6.00000      1983.00      787.000
      15.0000      9.00000      1983.00      444.000
      15.0000      9.00000      1983.00      445.000
      15.0000      9.00000      1983.00      468.000
      15.0000      12.0000      1983.00      650.000
      15.0000      12.0000      1983.00      650.000
      15.0000      12.0000      1983.00      773.000
      15.0000      12.0000      1983.00      842.000
      15.0000      3.00000      1984.00      1596.00
      15.0000      3.00000      1984.00      650.000
      15.0000      3.00000      1984.00      1264.00
      15.0000      3.00000      1984.00      1122.00
      15.0000      6.00000      1984.00      576.000
      15.0000      6.00000      1984.00      529.000
      15.0000      6.00000      1984.00      1174.00
      15.0000      6.00000      1984.00      350.000
      15.0000      9.00000      1984.00      809.000
      15.0000      9.00000      1984.00      549.000
      15.0000      9.00000      1984.00      852.000
      15.0000      9.00000      1984.00      720.000
      15.0000      12.0000      1984.00      477.000
      15.0000      12.0000      1984.00      1119.00
      15.0000      12.0000      1984.00      1673.00
      15.0000      12.0000      1984.00      1171.00
      15.0000      3.00000      1985.00      1516.00
      15.0000      3.00000      1985.00      1502.00
      15.0000      6.00000      1985.00      687.000
      15.0000      6.00000      1985.00      573.000
      15.0000      6.00000      1985.00      527.000
      15.0000      9.00000      1985.00      643.000
      15.0000      9.00000      1985.00      576.000
      15.0000      9.00000      1985.00      361.000
      15.0000      12.0000      1985.00      795.000
      15.0000      12.0000      1985.00      700.000
      15.0000      12.0000      1985.00      783.000
      15.0000      12.0000      1985.00      780.000
      15.0000      12.0000      1985.00      1107.00
      15.0000      3.00000      1986.00      614.000
      15.0000      3.00000      1986.00      696.000
      15.0000      3.00000      1986.00      1170.00
      15.0000      3.00000      1986.00      1240.00
      15.0000      6.00000      1986.00      880.000
      15.0000      6.00000      1986.00      689.000
      15.0000      6.00000      1986.00      500.000
      15.0000      6.00000      1986.00      586.000
      15.0000      9.00000      1986.00      1630.00
      15.0000      9.00000      1986.00      684.000
      15.0000      9.00000      1986.00      1100.00
      15.0000      12.0000      1986.00      992.000
      15.0000      12.0000      1986.00      801.000
      15.0000      12.0000      1986.00      669.000
      15.0000      12.0000      1986.00      1320.00
      15.0000      12.0000      1986.00      648.000
      15.0000      3.00000      1987.00      1080.00
      15.0000      3.00000      1987.00      842.000
      15.0000      3.00000      1987.00      1100.00
      15.0000      3.00000      1987.00      1100.00
      15.0000      3.00000      1987.00      1100.00
      40.0000      3.00000      1985.00      2485.00
      40.0000      3.00000      1985.00      2548.00
      40.0000      3.00000      1985.00      2547.00
      40.0000      3.00000      1985.00      2145.00
      40.0000      3.00000      1985.00      2141.00
      40.0000      3.00000      1985.00      2135.00
      40.0000      3.00000      1985.00      2543.00
      40.0000      3.00000      1985.00      2509.00
      40.0000      3.00000      1985.00      2613.00
      40.0000      3.00000      1985.00      1758.00
      40.0000      6.00000      1985.00      814.000
      40.0000      6.00000      1985.00      822.000
      40.0000      6.00000      1985.00      820.000
      40.0000      6.00000      1985.00      1167.00
      40.0000      6.00000      1985.00      1096.00
      40.0000      6.00000      1985.00      1123.00
      40.0000      6.00000      1985.00      1123.00
      40.0000      6.00000      1985.00      1100.00
      40.0000      6.00000      1985.00      1200.00
      40.0000      6.00000      1985.00      941.000
      40.0000      6.00000      1985.00      955.000
      40.0000      6.00000      1985.00      944.000
      40.0000      9.00000      1985.00      552.000
      40.0000      9.00000      1985.00      551.000
      40.0000      9.00000      1985.00      543.000
      40.0000      9.00000      1985.00      1081.00
      40.0000      9.00000      1985.00      1078.00
      40.0000      9.00000      1985.00      1089.00
      40.0000      9.00000      1985.00      1054.00
      40.0000      9.00000      1985.00      1029.00
      40.0000      9.00000      1985.00      983.000
      40.0000      9.00000      1985.00      1422.00
      40.0000      9.00000      1985.00      1434.00
      40.0000      9.00000      1985.00      1441.00
      40.0000      12.0000      1985.00      1570.00
      40.0000      12.0000      1985.00      1500.00
      40.0000      12.0000      1985.00      1570.00
      40.0000      12.0000      1985.00      1540.00
      40.0000      12.0000      1985.00      1760.00
      40.0000      12.0000      1985.00      1870.00
      40.0000      12.0000      1985.00      1444.00
      40.0000      12.0000      1985.00      1398.00
      40.0000      12.0000      1985.00      1431.00
      40.0000      3.00000      1986.00      1240.00
      40.0000      3.00000      1986.00      1460.00
      40.0000      3.00000      1986.00      1950.00
      40.0000      3.00000      1986.00      1950.00
      40.0000      3.00000      1986.00      1950.00
      40.0000      3.00000      1986.00      1771.00
      40.0000      3.00000      1986.00      1742.00
      40.0000      3.00000      1986.00      1732.00
      40.0000      3.00000      1986.00      1730.00
      40.0000      3.00000      1986.00      1830.00
      40.0000      3.00000      1986.00      1850.00
      40.0000      6.00000      1986.00      1060.00
      40.0000      6.00000      1986.00      1050.00
      40.0000      6.00000      1986.00      1010.00
      40.0000      6.00000      1986.00      971.000
      40.0000      6.00000      1986.00      950.000
      40.0000      6.00000      1986.00      955.000
      40.0000      6.00000      1986.00      1010.00
      40.0000      6.00000      1986.00      984.000
      40.0000      6.00000      1986.00      1040.00
      40.0000      6.00000      1986.00      917.000
      40.0000      6.00000      1986.00      909.000
      40.0000      6.00000      1986.00      910.000
      40.0000      9.00000      1986.00      449.000
      40.0000      9.00000      1986.00      449.000
      40.0000      9.00000      1986.00      452.000
      40.0000      9.00000      1986.00      830.000
      40.0000      9.00000      1986.00      793.000
      40.0000      9.00000      1986.00      850.000
      40.0000      9.00000      1986.00      935.000
      40.0000      9.00000      1986.00      950.000
      40.0000      9.00000      1986.00      889.000
      40.0000      9.00000      1986.00      1080.00
      40.0000      9.00000      1986.00      1040.00
      40.0000      9.00000      1986.00      1060.00
      40.0000      12.0000      1986.00      1580.00
      40.0000      12.0000      1986.00      1560.00
      40.0000      12.0000      1986.00      1550.00
      40.0000      12.0000      1986.00      1740.00
      40.0000      12.0000      1986.00      1830.00
      40.0000      12.0000      1986.00      1740.00
      40.0000      12.0000      1986.00      1760.00
      40.0000      12.0000      1986.00      1740.00
      40.0000      12.0000      1986.00      1780.00
      40.0000      12.0000      1986.00      1640.00
      40.0000      12.0000      1986.00      1690.00
      40.0000      12.0000      1986.00      1630.00
      40.0000      3.00000      1987.00      2180.00
      40.0000      3.00000      1987.00      2120.00
      40.0000      3.00000      1987.00      2080.00
      40.0000      3.00000      1987.00      1930.00
      40.0000      3.00000      1987.00      1930.00
      40.0000      3.00000      1987.00      1950.00
      40.0000      3.00000      1987.00      2090.00
      40.0000      3.00000      1987.00      2210.00
      40.0000      3.00000      1987.00      2120.00
      62.5000      6.00000      1982.00      1567.00
      62.5000      12.0000      1982.00      1768.00
      62.5000      3.00000      1983.00      2305.00
      62.5000      6.00000      1983.00      1815.00
      62.5000      6.00000      1983.00      1404.00
      62.5000      6.00000      1983.00      1046.00
      62.5000      6.00000      1983.00      1183.00
      62.5000      6.00000      1983.00      1155.00
      62.5000      9.00000      1983.00      973.000
      62.5000      9.00000      1983.00      703.000
      62.5000      12.0000      1983.00      1674.00
      62.5000      12.0000      1983.00      1692.00
      62.5000      12.0000      1983.00      1954.00
      62.5000      12.0000      1983.00      2498.00
      62.5000      3.00000      1984.00      2323.00
      62.5000      3.00000      1984.00      2003.00
      62.5000      6.00000      1984.00      1254.00
      62.5000      6.00000      1984.00      1866.00
      62.5000      6.00000      1984.00      1158.00
      62.5000      6.00000      1984.00      1150.00
      62.5000      9.00000      1984.00      1203.00
      62.5000      12.0000      1984.00      1682.00
      62.5000      12.0000      1984.00      2042.00
      62.5000      12.0000      1984.00      2366.00
      62.5000      12.0000      1984.00      2216.00
      62.5000      3.00000      1985.00      2583.00
      62.5000      3.00000      1985.00      2454.00
      62.5000      3.00000      1985.00      2630.00
      62.5000      3.00000      1985.00      2358.00
      62.5000      3.00000      1985.00      2213.00
      62.5000      3.00000      1985.00      2249.00
      62.5000      6.00000      1985.00      1463.00
      62.5000      6.00000      1985.00      1166.00
      62.5000      6.00000      1985.00      1902.00
      62.5000      6.00000      1985.00      1166.00
      62.5000      9.00000      1985.00      1355.00
      62.5000      9.00000      1985.00      1030.00
      62.5000      9.00000      1985.00      1131.00
      62.5000      9.00000      1985.00      1915.00
      62.5000      9.00000      1985.00      1110.00
      62.5000      12.0000      1985.00      1930.00
      62.5000      12.0000      1985.00      1720.00
      62.5000      12.0000      1985.00      1870.00
      62.5000      12.0000      1985.00      2840.00
      62.5000      12.0000      1985.00      2300.00
      62.5000      3.00000      1986.00      3250.00
      62.5000      3.00000      1986.00      3080.00
      62.5000      6.00000      1986.00      1130.00
      62.5000      6.00000      1986.00      1380.00
      62.5000      6.00000      1986.00      1140.00
      62.5000      6.00000      1986.00      2010.00
      62.5000      9.00000      1986.00      1910.00
      62.5000      12.0000      1986.00      2360.00
      62.5000      3.00000      1987.00      2540.00
      62.5000      3.00000      1987.00      3120.00
      62.5000      3.00000      1987.00      2860.00
      62.5000      3.00000      1987.00      2500.00